C2	abl	apen	C7	C8	bbl	bpen	cbl	cpen	dbl	dpen
0.1	-0.787	-0.887	0.31281319	0.29172931	-3.287	-2.387	-2.227	-2.327	-4.727	-3.827
0.2	-0.78	-0.88	0.314319886	0.293177779	-3.28	-2.38	-2.22	-2.32	-4.72	-3.82
0.3	-0.773	-0.873	0.315830504	0.294630448	-3.273	-2.373	-2.213	-2.313	-4.713	-3.813
0.4	-0.766	-0.866	0.317345021	0.2960873	-3.266	-2.366	-2.206	-2.306	-4.706	-3.806
0.5	-0.759	-0.859	0.318863416	0.297548317	-3.259	-2.359	-2.199	-2.299	-4.699	-3.799
0.6	-0.752	-0.852	0.320385667	0.29901348	-3.252	-2.352	-2.192	-2.292	-4.692	-3.792
0.7	-0.745	-0.845	0.32191175	0.300482772	-3.245	-2.345	-2.185	-2.285	-4.685	-3.785
0.8	-0.738	-0.838	0.323441643	0.301956174	-3.238	-2.338	-2.178	-2.278	-4.678	-3.778
0.9	-0.731	-0.831	0.324975323	0.303433667	-3.231	-2.331	-2.171	-2.271	-4.671	-3.771
1	-0.724	-0.824	0.326512765	0.304915231	-3.224	-2.324	-2.164	-2.264	-4.664	-3.764
1.1	-0.717	-0.817	0.328053945	0.306400847	-3.217	-2.317	-2.157	-2.257	-4.657	-3.757
1.2	-0.71	-0.81	0.32959884	0.307890496	-3.21	-2.31	-2.15	-2.25	-4.65	-3.75
1.3	-0.703	-0.803	0.331147425	0.309384156	-3.203	-2.303	-2.143	-2.243	-4.643	-3.743
1.4	-0.696	-0.796	0.332699675	0.310881807	-3.196	-2.296	-2.136	-2.236	-4.636	-3.736
1.5	-0.689	-0.789	0.334255565	0.312383429	-3.189	-2.289	-2.129	-2.229	-4.629	-3.729
1.6	-0.682	-0.782	0.33581507	0.313889	-3.182	-2.282	-2.122	-2.222	-4.622	-3.722
1.7	-0.675	-0.775	0.337378163	0.3153985	-3.175	-2.275	-2.115	-2.215	-4.615	-3.715
1.8	-0.668	-0.768	0.338944819	0.316911905	-3.168	-2.268	-2.108	-2.208	-4.608	-3.708
1.9	-0.661	-0.761	0.340515011	0.318429195	-3.161	-2.261	-2.101	-2.201	-4.601	-3.701
2	-0.654	-0.754	0.342088713	0.319950346	-3.154	-2.254	-2.094	-2.194	-4.594	-3.694
2.1	-0.647	-0.747	0.343665899	0.321475337	-3.147	-2.247	-2.087	-2.187	-4.587	-3.687
2.2	-0.64	-0.74	0.345246539	0.323004144	-3.14	-2.24	-2.08	-2.18	-4.58	-3.68
2.3	-0.633	-0.733	0.346830608	0.324536744	-3.133	-2.233	-2.073	-2.173	-4.573	-3.673
2.4	-0.626	-0.726	0.348418078	0.326073113	-3.126	-2.226	-2.066	-2.166	-4.566	-3.666
2.5	-0.619	-0.719	0.35000892	0.327613228	-3.119	-2.219	-2.059	-2.159	-4.559	-3.659
2.6	-0.612	-0.712	0.351603106	0.329157064	-3.112	-2.212	-2.052	-2.152	-4.552	-3.652
2.7	-0.605	-0.705	0.353200607	0.330704597	-3.105	-2.205	-2.045	-2.145	-4.545	-3.645
2.8	-0.598	-0.698	0.354801395	0.332255803	-3.098	-2.198	-2.038	-2.138	-4.538	-3.638
2.9	-0.591	-0.691	0.356405441	0.333810655	-3.091	-2.191	-2.031	-2.131	-4.531	-3.631
3	-0.584	-0.684	0.358012714	0.33536913	-3.084	-2.184	-2.024	-2.124	-4.524	-3.624
3.1	-0.577	-0.677	0.359623185	0.3369312	-3.077	-2.177	-2.017	-2.117	-4.517	-3.617
3.2	-0.57	-0.67	0.361236825	0.338496841	-3.07	-2.17	-2.01	-2.11	-4.51	-3.61
3.3	-0.563	-0.663	0.362853602	0.340066025	-3.063	-2.163	-2.003	-2.103	-4.503	-3.603
3.4	-0.556	-0.656	0.364473487	0.341638728	-3.056	-2.156	-1.996	-2.096	-4.496	-3.596
3.5	-0.549	-0.649	0.366096448	0.34321492	-3.049	-2.149	-1.989	-2.089	-4.489	-3.589
3.6	-0.542	-0.642	0.367722454	0.344794577	-3.042	-2.142	-1.982	-2.082	-4.482	-3.582
3.7	-0.535	-0.635	0.369351474	0.346377669	-3.035	-2.135	-1.975	-2.075	-4.475	-3.575
3.8	-0.528	-0.628	0.370983477	0.34796417	-3.028	-2.128	-1.968	-2.068	-4.468	-3.568
3.9	-0.521	-0.621	0.37261843	0.349554051	-3.021	-2.121	-1.961	-2.061	-4.461	-3.561
4	-0.514	-0.614	0.374256301	0.351147285	-3.014	-2.114	-1.954	-2.054	-4.454	-3.554
4.1	-0.507	-0.607	0.375897058	0.352743842	-3.007	-2.107	-1.947	-2.047	-4.447	-3.547
4.2	-0.5	-0.6	0.377540669	0.354343694	-3	-2.1	-1.94	-2.04	-4.44	-3.54
4.3	-0.493	-0.593	0.379187099	0.355946811	-2.993	-2.093	-1.933	-2.033	-4.433	-3.533
4.4	-0.486	-0.586	0.380836317	0.357553165	-2.986	-2.086	-1.926	-2.026	-4.426	-3.526
4.5	-0.479	-0.579	0.382488288	0.359162726	-2.979	-2.079	-1.919	-2.019	-4.419	-3.519
4.6	-0.472	-0.572	0.38414298	0.360775463	-2.972	-2.072	-1.912	-2.012	-4.412	-3.512
4.7	-0.465	-0.565	0.385800357	0.362391347	-2.965	-2.065	-1.905	-2.005	-4.405	-3.505
4.8	-0.458	-0.558	0.387460387	0.364010347	-2.958	-2.058	-1.898	-1.998	-4.398	-3.498
4.9	-0.451	-0.551	0.389123033	0.365632432	-2.951	-2.051	-1.891	-1.991	-4.391	-3.491
5	-0.444	-0.544	0.390788263	0.367257572	-2.944	-2.044	-1.884	-1.984	-4.384	-3.484
5.1	-0.437	-0.537	0.392456041	0.368885734	-2.937	-2.037	-1.877	-1.977	-4.377	-3.477
5.2	-0.43	-0.53	0.394126332	0.370516888	-2.93	-2.03	-1.87	-1.97	-4.37	-3.47
5.3	-0.423	-0.523	0.3957991	0.372151001	-2.923	-2.023	-1.863	-1.963	-4.363	-3.463
5.4	-0.416	-0.516	0.39747431	0.373788042	-2.916	-2.016	-1.856	-1.956	-4.356	-3.456
5.5	-0.409	-0.509	0.399151927	0.375427978	-2.909	-2.009	-1.849	-1.949	-4.349	-3.449
5.6	-0.402	-0.502	0.400831913	0.377070777	-2.902	-2.002	-1.842	-1.942	-4.342	-3.442
5.7	-0.395	-0.495	0.402514234	0.378716405	-2.895	-1.995	-1.835	-1.935	-4.335	-3.435
5.8	-0.388	-0.488	0.404198853	0.38036483	-2.888	-1.988	-1.828	-1.928	-4.328	-3.428
5.9	-0.381	-0.481	0.405885732	0.382016018	-2.881	-1.981	-1.821	-1.921	-4.321	-3.421
6	-0.374	-0.474	0.407574835	0.383669935	-2.874	-1.974	-1.814	-1.914	-4.314	-3.414
6.1	-0.367	-0.467	0.409266126	0.385326549	-2.867	-1.967	-1.807	-1.907	-4.307	-3.407
6.2	-0.36	-0.46	0.410959566	0.386985824	-2.86	-1.96	-1.8	-1.9	-4.3	-3.4
6.3	-0.353	-0.453	0.412655118	0.388647726	-2.853	-1.953	-1.793	-1.893	-4.293	-3.393
6.4	-0.346	-0.446	0.414352746	0.390312222	-2.846	-1.946	-1.786	-1.886	-4.286	-3.386
6.5	-0.339	-0.439	0.416052409	0.391979275	-2.839	-1.939	-1.779	-1.879	-4.279	-3.379
6.6	-0.332	-0.432	0.417754072	0.393648851	-2.832	-1.932	-1.772	-1.872	-4.272	-3.372
6.7	-0.325	-0.425	0.419457695	0.395320915	-2.825	-1.925	-1.765	-1.865	-4.265	-3.365
6.8	-0.318	-0.418	0.42116324	0.396995431	-2.818	-1.918	-1.758	-1.858	-4.258	-3.358
6.9	-0.311	-0.411	0.422870669	0.398672364	-2.811	-1.911	-1.751	-1.851	-4.251	-3.351
7	-0.304	-0.404	0.424579942	0.400351677	-2.804	-1.904	-1.744	-1.844	-4.244	-3.344
7.1	-0.297	-0.397	0.426291021	0.402033335	-2.797	-1.897	-1.737	-1.837	-4.237	-3.337
7.2	-0.29	-0.39	0.428003867	0.403717301	-2.79	-1.89	-1.73	-1.83	-4.23	-3.33
7.3	-0.283	-0.383	0.42971844	0.405403538	-2.783	-1.883	-1.723	-1.823	-4.223	-3.323
7.4	-0.276	-0.376	0.431434701	0.40709201	-2.776	-1.876	-1.716	-1.816	-4.216	-3.316
7.5	-0.269	-0.369	0.43315261	0.408782679	-2.769	-1.869	-1.709	-1.809	-4.209	-3.309
7.6	-0.262	-0.362	0.434872128	0.410475509	-2.762	-1.862	-1.702	-1.802	-4.202	-3.302
7.7	-0.255	-0.355	0.436593214	0.412170462	-2.755	-1.855	-1.695	-1.795	-4.195	-3.295
7.8	-0.248	-0.348	0.438315828	0.4138675	-2.748	-1.848	-1.688	-1.788	-4.188	-3.288
7.9	-0.241	-0.341	0.440039931	0.415566586	-2.741	-1.841	-1.681	-1.781	-4.181	-3.281
8	-0.234	-0.334	0.441765482	0.417267681	-2.734	-1.834	-1.674	-1.774	-4.174	-3.274
8.1	-0.227	-0.327	0.44349244	0.418970748	-2.727	-1.827	-1.667	-1.767	-4.167	-3.267
8.2	-0.22	-0.32	0.445220765	0.420675748	-2.72	-1.82	-1.66	-1.76	-4.16	-3.26
8.3	-0.213	-0.313	0.446950416	0.422382642	-2.713	-1.813	-1.653	-1.753	-4.153	-3.253
8.4	-0.206	-0.306	0.448681352	0.424091393	-2.706	-1.806	-1.646	-1.746	-4.146	-3.246
8.5	-0.199	-0.299	0.450413532	0.42580196	-2.699	-1.799	-1.639	-1.739	-4.139	-3.239
8.6	-0.192	-0.292	0.452146914	0.427514305	-2.692	-1.792	-1.632	-1.732	-4.132	-3.232
8.7	-0.185	-0.285	0.453881459	0.429228388	-2.685	-1.785	-1.625	-1.725	-4.125	-3.225
8.8	-0.178	-0.278	0.455617124	0.430944171	-2.678	-1.778	-1.618	-1.718	-4.118	-3.218
8.9	-0.171	-0.271	0.457353867	0.432661613	-2.671	-1.771	-1.611	-1.711	-4.111	-3.211
9	-0.164	-0.264	0.459091648	0.434380675	-2.664	-1.764	-1.604	-1.704	-4.104	-3.204
9.1	-0.157	-0.257	0.460830425	0.436101317	-2.657	-1.757	-1.597	-1.697	-4.097	-3.197
9.2	-0.15	-0.25	0.462570155	0.437823499	-2.65	-1.75	-1.59	-1.69	-4.09	-3.19
9.3	-0.143	-0.243	0.464310797	0.439547181	-2.643	-1.743	-1.583	-1.683	-4.083	-3.183
9.4	-0.136	-0.236	0.466052309	0.441272322	-2.636	-1.736	-1.576	-1.676	-4.076	-3.176
9.5	-0.129	-0.229	0.467794648	0.442998882	-2.629	-1.729	-1.569	-1.669	-4.069	-3.169
9.6	-0.122	-0.222	0.469537774	0.444726821	-2.622	-1.722	-1.562	-1.662	-4.062	-3.162
9.7	-0.115	-0.215	0.471281643	0.446456097	-2.615	-1.715	-1.555	-1.655	-4.055	-3.155
9.8	-0.108	-0.208	0.473026213	0.44818667	-2.608	-1.708	-1.548	-1.648	-4.048	-3.148
9.9	-0.101	-0.201	0.474771443	0.449918498	-2.601	-1.701	-1.541	-1.641	-4.041	-3.141
10	-0.094	-0.194	0.476517289	0.451651542	-2.594	-1.694	-1.534	-1.634	-4.034	-3.134
10.1	-0.087	-0.187	0.478263708	0.453385759	-2.587	-1.687	-1.527	-1.627	-4.027	-3.127
10.2	-0.08	-0.18	0.48001066	0.455121108	-2.58	-1.68	-1.52	-1.62	-4.02	-3.12
10.3	-0.073	-0.173	0.4817581	0.456857547	-2.573	-1.673	-1.513	-1.613	-4.013	-3.113
10.4	-0.066	-0.166	0.483505987	0.458595036	-2.566	-1.666	-1.506	-1.606	-4.006	-3.106
10.5	-0.059	-0.159	0.485254277	0.460333532	-2.559	-1.659	-1.499	-1.599	-3.999	-3.099
10.6	-0.052	-0.152	0.487002929	0.462072994	-2.552	-1.652	-1.492	-1.592	-3.992	-3.092
10.7	-0.045	-0.145	0.488751898	0.46381338	-2.545	-1.645	-1.485	-1.585	-3.985	-3.085
10.8	-0.038	-0.138	0.490501143	0.465554647	-2.538	-1.638	-1.478	-1.578	-3.978	-3.078
10.9	-0.031	-0.131	0.492250621	0.467296755	-2.531	-1.631	-1.471	-1.571	-3.971	-3.071
11	-0.024	-0.124	0.494000288	0.46903966	-2.524	-1.624	-1.464	-1.564	-3.964	-3.064
11.1	-0.017	-0.117	0.495750102	0.470783321	-2.517	-1.617	-1.457	-1.557	-3.957	-3.057
11.2	-0.01	-0.11	0.497500021	0.472527696	-2.51	-1.61	-1.45	-1.55	-3.95	-3.05
11.3	-0.003	-0.103	0.499250001	0.474272741	-2.503	-1.603	-1.443	-1.543	-3.943	-3.043
11.4	0.004	-0.096	0.500999999	0.476018415	-2.496	-1.596	-1.436	-1.536	-3.936	-3.036
11.5	0.011	-0.089	0.502749972	0.477764675	-2.489	-1.589	-1.429	-1.529	-3.929	-3.029
11.6	0.018	-0.082	0.504499879	0.479511479	-2.482	-1.582	-1.422	-1.522	-3.922	-3.022
11.7	0.025	-0.075	0.506249674	0.481258784	-2.475	-1.575	-1.415	-1.515	-3.915	-3.015
11.8	0.032	-0.068	0.507999317	0.483006548	-2.468	-1.568	-1.408	-1.508	-3.908	-3.008
11.9	0.039	-0.061	0.509748764	0.484754727	-2.461	-1.561	-1.401	-1.501	-3.901	-3.001
12	0.046	-0.054	0.511497973	0.48650328	-2.454	-1.554	-1.394	-1.494	-3.894	-2.994
12.1	0.053	-0.047	0.513246899	0.488252163	-2.447	-1.547	-1.387	-1.487	-3.887	-2.987
12.2	0.06	-0.04	0.514995502	0.490001333	-2.44	-1.54	-1.38	-1.48	-3.88	-2.98
12.3	0.067	-0.033	0.516743737	0.491750749	-2.433	-1.533	-1.373	-1.473	-3.873	-2.973
12.4	0.074	-0.026	0.518491562	0.493500366	-2.426	-1.526	-1.366	-1.466	-3.866	-2.966
12.5	0.081	-0.019	0.520238936	0.495250143	-2.419	-1.519	-1.359	-1.459	-3.859	-2.959
12.6	0.088	-0.012	0.521985814	0.497000036	-2.412	-1.512	-1.352	-1.452	-3.852	-2.952
12.7	0.095	-0.005	0.523732154	0.498750003	-2.405	-1.505	-1.345	-1.445	-3.845	-2.945
12.8	0.102	0.002	0.525477914	0.5005	-2.398	-1.498	-1.338	-1.438	-3.838	-2.938
12.9	0.109	0.009	0.527223052	0.502249985	-2.391	-1.491	-1.331	-1.431	-3.831	-2.931
13	0.116	0.016	0.528967525	0.503999915	-2.384	-1.484	-1.324	-1.424	-3.824	-2.924
13.1	0.123	0.023	0.530711291	0.505749747	-2.377	-1.477	-1.317	-1.417	-3.817	-2.917
13.2	0.13	0.03	0.532454306	0.507499438	-2.37	-1.47	-1.31	-1.41	-3.81	-2.91
13.3	0.137	0.037	0.534196531	0.509248945	-2.363	-1.463	-1.303	-1.403	-3.803	-2.903
13.4	0.144	0.044	0.535937921	0.510998226	-2.356	-1.456	-1.296	-1.396	-3.796	-2.896
13.5	0.151	0.051	0.537678435	0.512747237	-2.349	-1.449	-1.289	-1.389	-3.789	-2.889
13.6	0.158	0.058	0.539418031	0.514495937	-2.342	-1.442	-1.282	-1.382	-3.782	-2.882
13.7	0.165	0.065	0.541156668	0.516244281	-2.335	-1.435	-1.275	-1.375	-3.775	-2.875
13.8	0.172	0.072	0.542894303	0.517992228	-2.328	-1.428	-1.268	-1.368	-3.768	-2.868
13.9	0.179	0.079	0.544630895	0.519739735	-2.321	-1.421	-1.261	-1.361	-3.761	-2.861
14	0.186	0.086	0.546366403	0.521486759	-2.314	-1.414	-1.254	-1.354	-3.754	-2.854
14.1	0.193	0.093	0.548100784	0.523233257	-2.307	-1.407	-1.247	-1.347	-3.747	-2.847
14.2	0.2	0.1	0.549833997	0.524979187	-2.3	-1.4	-1.24	-1.34	-3.74	-2.84
14.3	0.207	0.107	0.551566002	0.526724507	-2.293	-1.393	-1.233	-1.333	-3.733	-2.833
14.4	0.214	0.114	0.553296757	0.528469175	-2.286	-1.386	-1.226	-1.326	-3.726	-2.826
14.5	0.221	0.121	0.555026221	0.530213146	-2.279	-1.379	-1.219	-1.319	-3.719	-2.819
14.6	0.228	0.128	0.556754353	0.531956381	-2.272	-1.372	-1.212	-1.312	-3.712	-2.812
14.7	0.235	0.135	0.558481112	0.533698835	-2.265	-1.365	-1.205	-1.305	-3.705	-2.805
14.8	0.242	0.142	0.560206459	0.535440468	-2.258	-1.358	-1.198	-1.298	-3.698	-2.798
14.9	0.249	0.149	0.561930352	0.537181237	-2.251	-1.351	-1.191	-1.291	-3.691	-2.791
15	0.256	0.156	0.56365275	0.5389211	-2.244	-1.344	-1.184	-1.284	-3.684	-2.784
15.1	0.263	0.163	0.565373615	0.540660015	-2.237	-1.337	-1.177	-1.277	-3.677	-2.777
15.2	0.27	0.17	0.567092905	0.542397941	-2.23	-1.33	-1.17	-1.27	-3.67	-2.77
15.3	0.277	0.177	0.568810581	0.544134835	-2.223	-1.323	-1.163	-1.263	-3.663	-2.763
15.4	0.284	0.184	0.570526603	0.545870657	-2.216	-1.316	-1.156	-1.256	-3.656	-2.756
15.5	0.291	0.191	0.572240932	0.547605364	-2.209	-1.309	-1.149	-1.249	-3.649	-2.749
15.6	0.298	0.198	0.573953528	0.549338915	-2.202	-1.302	-1.142	-1.242	-3.642	-2.742
15.7	0.305	0.205	0.575664351	0.551071269	-2.195	-1.295	-1.135	-1.235	-3.635	-2.735
15.8	0.312	0.212	0.577373363	0.552802385	-2.188	-1.288	-1.128	-1.228	-3.628	-2.728
15.9	0.319	0.219	0.579080525	0.554532222	-2.181	-1.281	-1.121	-1.221	-3.621	-2.721
16	0.326	0.226	0.580785798	0.556260739	-2.174	-1.274	-1.114	-1.214	-3.614	-2.714
16.1	0.333	0.233	0.582489144	0.557987895	-2.167	-1.267	-1.107	-1.207	-3.607	-2.707
16.2	0.34	0.24	0.584190523	0.559713649	-2.16	-1.26	-1.1	-1.2	-3.6	-2.7
16.3	0.347	0.247	0.585889898	0.561437961	-2.153	-1.253	-1.093	-1.193	-3.593	-2.693
16.4	0.354	0.254	0.587587231	0.563160791	-2.146	-1.246	-1.086	-1.186	-3.586	-2.686
16.5	0.361	0.261	0.589282484	0.564882098	-2.139	-1.239	-1.079	-1.179	-3.579	-2.679
16.6	0.368	0.268	0.59097562	0.566601842	-2.132	-1.232	-1.072	-1.172	-3.572	-2.672
16.7	0.375	0.275	0.5926666	0.568319983	-2.125	-1.225	-1.065	-1.165	-3.565	-2.665
16.8	0.382	0.282	0.594355388	0.570036482	-2.118	-1.218	-1.058	-1.158	-3.558	-2.658
16.9	0.389	0.289	0.596041946	0.571751299	-2.111	-1.211	-1.051	-1.151	-3.551	-2.651
17	0.396	0.296	0.597726239	0.573464394	-2.104	-1.204	-1.044	-1.144	-3.544	-2.644
17.1	0.403	0.303	0.599408228	0.575175727	-2.097	-1.197	-1.037	-1.137	-3.537	-2.637
17.2	0.41	0.31	0.601087879	0.576885261	-2.09	-1.19	-1.03	-1.13	-3.53	-2.63
17.3	0.417	0.317	0.602765154	0.578592956	-2.083	-1.183	-1.023	-1.123	-3.523	-2.623
17.4	0.424	0.324	0.604440017	0.580298772	-2.076	-1.176	-1.016	-1.116	-3.516	-2.616
17.5	0.431	0.331	0.606112434	0.582002672	-2.069	-1.169	-1.009	-1.109	-3.509	-2.609
17.6	0.438	0.338	0.607782368	0.583704617	-2.062	-1.162	-1.002	-1.102	-3.502	-2.602
17.7	0.445	0.345	0.609449784	0.585404569	-2.055	-1.155	-0.995	-1.095	-3.495	-2.595
17.8	0.452	0.352	0.611114647	0.58710249	-2.048	-1.148	-0.988	-1.088	-3.488	-2.588
17.9	0.459	0.359	0.612776922	0.588798341	-2.041	-1.141	-0.981	-1.081	-3.481	-2.581
18	0.466	0.366	0.614436574	0.590492085	-2.034	-1.134	-0.974	-1.074	-3.474	-2.574
18.1	0.473	0.373	0.61609357	0.592183685	-2.027	-1.127	-0.967	-1.067	-3.467	-2.567
18.2	0.48	0.38	0.617747875	0.593873103	-2.02	-1.12	-0.96	-1.06	-3.46	-2.56
18.3	0.487	0.387	0.619399455	0.595560302	-2.013	-1.113	-0.953	-1.053	-3.453	-2.553
18.4	0.494	0.394	0.621048276	0.597245246	-2.006	-1.106	-0.946	-1.046	-3.446	-2.546
18.5	0.501	0.401	0.622694306	0.598927897	-1.999	-1.099	-0.939	-1.039	-3.439	-2.539
18.6	0.508	0.408	0.624337511	0.60060822	-1.992	-1.092	-0.932	-1.032	-3.432	-2.532
18.7	0.515	0.415	0.625977858	0.602286177	-1.985	-1.085	-0.925	-1.025	-3.425	-2.525
18.8	0.522	0.422	0.627615314	0.603961733	-1.978	-1.078	-0.918	-1.018	-3.418	-2.518
18.9	0.529	0.429	0.629249848	0.605634852	-1.971	-1.071	-0.911	-1.011	-3.411	-2.511
19	0.536	0.436	0.630881426	0.607305499	-1.964	-1.064	-0.904	-1.004	-3.404	-2.504
19.1	0.543	0.443	0.632510018	0.608973638	-1.957	-1.057	-0.897	-0.997	-3.397	-2.497
19.2	0.55	0.45	0.634135591	0.610639234	-1.95	-1.05	-0.89	-0.99	-3.39	-2.49
19.3	0.557	0.457	0.635758114	0.612302252	-1.943	-1.043	-0.883	-0.983	-3.383	-2.483
19.4	0.564	0.464	0.637377557	0.613962657	-1.936	-1.036	-0.876	-0.976	-3.376	-2.476
19.5	0.571	0.471	0.638993888	0.615620416	-1.929	-1.029	-0.869	-0.969	-3.369	-2.469
19.6	0.578	0.478	0.640607077	0.617275493	-1.922	-1.022	-0.862	-0.962	-3.362	-2.462
19.7	0.585	0.485	0.642217093	0.618927855	-1.915	-1.015	-0.855	-0.955	-3.355	-2.455
19.8	0.592	0.492	0.643823907	0.620577468	-1.908	-1.008	-0.848	-0.948	-3.348	-2.448
19.9	0.599	0.499	0.645427489	0.622224299	-1.901	-1.001	-0.841	-0.941	-3.341	-2.441
20	0.606	0.506	0.647027809	0.623868314	-1.894	-0.994	-0.834	-0.934	-3.334	-2.434
20.1	0.613	0.513	0.648624839	0.625509481	-1.887	-0.987	-0.827	-0.927	-3.327	-2.427
20.2	0.62	0.52	0.650218549	0.627147766	-1.88	-0.98	-0.82	-0.92	-3.32	-2.42
20.3	0.627	0.527	0.65180891	0.628783138	-1.873	-0.973	-0.813	-0.913	-3.313	-2.413
20.4	0.634	0.534	0.653395896	0.630415564	-1.866	-0.966	-0.806	-0.906	-3.306	-2.406
20.5	0.641	0.541	0.654979477	0.632045013	-1.859	-0.959	-0.799	-0.899	-3.299	-2.399
20.6	0.648	0.548	0.656559626	0.633671451	-1.852	-0.952	-0.792	-0.892	-3.292	-2.392
20.7	0.655	0.555	0.658136315	0.635294849	-1.845	-0.945	-0.785	-0.885	-3.285	-2.385
20.8	0.662	0.562	0.659709518	0.636915175	-1.838	-0.938	-0.778	-0.878	-3.278	-2.378
20.9	0.669	0.569	0.661279206	0.638532398	-1.831	-0.931	-0.771	-0.871	-3.271	-2.371
21	0.676	0.576	0.662845355	0.640146488	-1.824	-0.924	-0.764	-0.864	-3.264	-2.364
21.1	0.683	0.583	0.664407937	0.641757414	-1.817	-0.917	-0.757	-0.857	-3.257	-2.357
21.2	0.69	0.59	0.665966927	0.643365146	-1.81	-0.91	-0.75	-0.85	-3.25	-2.35
21.3	0.697	0.597	0.667522298	0.644969654	-1.803	-0.903	-0.743	-0.843	-3.243	-2.343
21.4	0.704	0.604	0.669074026	0.646570909	-1.796	-0.896	-0.736	-0.836	-3.236	-2.336
21.5	0.711	0.611	0.670622086	0.648168882	-1.789	-0.889	-0.729	-0.829	-3.229	-2.329
21.6	0.718	0.618	0.672166451	0.649763543	-1.782	-0.882	-0.722	-0.822	-3.222	-2.322
21.7	0.725	0.625	0.673707099	0.651354865	-1.775	-0.875	-0.715	-0.815	-3.215	-2.315
21.8	0.732	0.632	0.675244005	0.652942818	-1.768	-0.868	-0.708	-0.808	-3.208	-2.308
21.9	0.739	0.639	0.676777145	0.654527374	-1.761	-0.861	-0.701	-0.801	-3.201	-2.301
22	0.746	0.646	0.678306495	0.656108507	-1.754	-0.854	-0.694	-0.794	-3.194	-2.294
22.1	0.753	0.653	0.679832032	0.657686187	-1.747	-0.847	-0.687	-0.787	-3.187	-2.287
22.2	0.76	0.66	0.681353734	0.659260388	-1.74	-0.84	-0.68	-0.78	-3.18	-2.28
22.3	0.767	0.667	0.682871576	0.660831084	-1.733	-0.833	-0.673	-0.773	-3.173	-2.273
22.4	0.774	0.674	0.684385538	0.662398247	-1.726	-0.826	-0.666	-0.766	-3.166	-2.266
22.5	0.781	0.681	0.685895597	0.66396185	-1.719	-0.819	-0.659	-0.759	-3.159	-2.259
22.6	0.788	0.688	0.687401731	0.665521869	-1.712	-0.812	-0.652	-0.752	-3.152	-2.252
22.7	0.795	0.695	0.688903918	0.667078277	-1.705	-0.805	-0.645	-0.745	-3.145	-2.245
22.8	0.802	0.702	0.690402138	0.668631049	-1.698	-0.798	-0.638	-0.738	-3.138	-2.238
22.9	0.809	0.709	0.691896369	0.670180159	-1.691	-0.791	-0.631	-0.731	-3.131	-2.231
23	0.816	0.716	0.693386592	0.671725582	-1.684	-0.784	-0.624	-0.724	-3.124	-2.224
23.1	0.823	0.723	0.694872786	0.673267295	-1.677	-0.777	-0.617	-0.717	-3.117	-2.217
23.2	0.83	0.73	0.69635493	0.674805273	-1.67	-0.77	-0.61	-0.71	-3.11	-2.21
23.3	0.837	0.737	0.697833005	0.676339491	-1.663	-0.763	-0.603	-0.703	-3.103	-2.203
23.4	0.844	0.744	0.699306993	0.677869926	-1.656	-0.756	-0.596	-0.696	-3.096	-2.196
23.5	0.851	0.751	0.700776873	0.679396555	-1.649	-0.749	-0.589	-0.689	-3.089	-2.189
23.6	0.858	0.758	0.702242628	0.680919355	-1.642	-0.742	-0.582	-0.682	-3.082	-2.182
23.7	0.865	0.765	0.703704238	0.682438302	-1.635	-0.735	-0.575	-0.675	-3.075	-2.175
23.8	0.872	0.772	0.705161686	0.683953375	-1.628	-0.728	-0.568	-0.668	-3.068	-2.168
23.9	0.879	0.779	0.706614954	0.685464551	-1.621	-0.721	-0.561	-0.661	-3.061	-2.161
24	0.886	0.786	0.708064024	0.686971808	-1.614	-0.714	-0.554	-0.654	-3.054	-2.154
24.1	0.893	0.793	0.709508879	0.688475125	-1.607	-0.707	-0.547	-0.647	-3.047	-2.147
24.2	0.9	0.8	0.710949503	0.689974481	-1.6	-0.7	-0.54	-0.64	-3.04	-2.14
24.3	0.907	0.807	0.712385878	0.691469854	-1.593	-0.693	-0.533	-0.633	-3.033	-2.133
24.4	0.914	0.814	0.713817989	0.692961224	-1.586	-0.686	-0.526	-0.626	-3.026	-2.126
24.5	0.921	0.821	0.715245819	0.694448571	-1.579	-0.679	-0.519	-0.619	-3.019	-2.119
24.6	0.928	0.828	0.716669353	0.695931874	-1.572	-0.672	-0.512	-0.612	-3.012	-2.112
24.7	0.935	0.835	0.718088575	0.697411114	-1.565	-0.665	-0.505	-0.605	-3.005	-2.105
24.8	0.942	0.842	0.719503471	0.698886272	-1.558	-0.658	-0.498	-0.598	-2.998	-2.098
24.9	0.949	0.849	0.720914025	0.700357328	-1.551	-0.651	-0.491	-0.591	-2.991	-2.091
25	0.956	0.856	0.722320224	0.701824263	-1.544	-0.644	-0.484	-0.584	-2.984	-2.084
25.1	0.963	0.863	0.723722053	0.703287059	-1.537	-0.637	-0.477	-0.577	-2.977	-2.077
25.2	0.97	0.87	0.725119498	0.704745698	-1.53	-0.63	-0.47	-0.57	-2.97	-2.07
25.3	0.977	0.877	0.726512545	0.706200162	-1.523	-0.623	-0.463	-0.563	-2.963	-2.063
25.4	0.984	0.884	0.727901182	0.707650433	-1.516	-0.616	-0.456	-0.556	-2.956	-2.056
25.5	0.991	0.891	0.729285396	0.709096494	-1.509	-0.609	-0.449	-0.549	-2.949	-2.049
25.6	0.998	0.898	0.730665173	0.710538329	-1.502	-0.602	-0.442	-0.542	-2.942	-2.042
25.7	1.005	0.905	0.732040502	0.711975919	-1.495	-0.595	-0.435	-0.535	-2.935	-2.035
25.8	1.012	0.912	0.73341137	0.71340925	-1.488	-0.588	-0.428	-0.528	-2.928	-2.028
25.9	1.019	0.919	0.734777766	0.714838305	-1.481	-0.581	-0.421	-0.521	-2.921	-2.021
26	1.026	0.926	0.736139678	0.716263068	-1.474	-0.574	-0.414	-0.514	-2.914	-2.014
26.1	1.033	0.933	0.737497095	0.717683524	-1.467	-0.567	-0.407	-0.507	-2.907	-2.007
26.2	1.04	0.94	0.738850006	0.719099657	-1.46	-0.56	-0.4	-0.5	-2.9	-2
26.3	1.047	0.947	0.740198401	0.720511454	-1.453	-0.553	-0.393	-0.493	-2.893	-1.993
26.4	1.054	0.954	0.741542269	0.721918898	-1.446	-0.546	-0.386	-0.486	-2.886	-1.986
26.5	1.061	0.961	0.7428816	0.723321977	-1.439	-0.539	-0.379	-0.479	-2.879	-1.979
26.6	1.068	0.968	0.744216385	0.724720676	-1.432	-0.532	-0.372	-0.472	-2.872	-1.972
26.7	1.075	0.975	0.745546614	0.726114981	-1.425	-0.525	-0.365	-0.465	-2.865	-1.965
26.8	1.082	0.982	0.746872278	0.72750488	-1.418	-0.518	-0.358	-0.458	-2.858	-1.958
26.9	1.089	0.989	0.748193368	0.728890358	-1.411	-0.511	-0.351	-0.451	-2.851	-1.951
27	1.096	0.996	0.749509876	0.730271404	-1.404	-0.504	-0.344	-0.444	-2.844	-1.944
27.1	1.103	1.003	0.750821793	0.731648005	-1.397	-0.497	-0.337	-0.437	-2.837	-1.937
27.2	1.11	1.01	0.752129111	0.733020149	-1.39	-0.49	-0.33	-0.43	-2.83	-1.93
27.3	1.117	1.017	0.753431823	0.734387824	-1.383	-0.483	-0.323	-0.423	-2.823	-1.923
27.4	1.124	1.024	0.754729921	0.735751018	-1.376	-0.476	-0.316	-0.416	-2.816	-1.916
27.5	1.131	1.031	0.756023398	0.737109721	-1.369	-0.469	-0.309	-0.409	-2.809	-1.909
27.6	1.138	1.038	0.757312247	0.73846392	-1.362	-0.462	-0.302	-0.402	-2.802	-1.902
27.7	1.145	1.045	0.758596462	0.739813607	-1.355	-0.455	-0.295	-0.395	-2.795	-1.895
27.8	1.152	1.052	0.759876035	0.741158769	-1.348	-0.448	-0.288	-0.388	-2.788	-1.888
27.9	1.159	1.059	0.761150962	0.742499398	-1.341	-0.441	-0.281	-0.381	-2.781	-1.881
28	1.166	1.066	0.762421236	0.743835482	-1.334	-0.434	-0.274	-0.374	-2.774	-1.874
28.1	1.173	1.073	0.763686852	0.745167014	-1.327	-0.427	-0.267	-0.367	-2.767	-1.867
28.2	1.18	1.08	0.764947804	0.746493983	-1.32	-0.42	-0.26	-0.36	-2.76	-1.86
28.3	1.187	1.087	0.766204087	0.747816381	-1.313	-0.413	-0.253	-0.353	-2.753	-1.853
28.4	1.194	1.094	0.767455698	0.749134199	-1.306	-0.406	-0.246	-0.346	-2.746	-1.846
28.5	1.201	1.101	0.76870263	0.750447429	-1.299	-0.399	-0.239	-0.339	-2.739	-1.839
28.6	1.208	1.108	0.769944881	0.751756062	-1.292	-0.392	-0.232	-0.332	-2.732	-1.832
28.7	1.215	1.115	0.771182446	0.75306009	-1.285	-0.385	-0.225	-0.325	-2.725	-1.825
28.8	1.222	1.122	0.772415321	0.754359507	-1.278	-0.378	-0.218	-0.318	-2.718	-1.818
28.9	1.229	1.129	0.773643503	0.755654305	-1.271	-0.371	-0.211	-0.311	-2.711	-1.811
29	1.236	1.136	0.774866989	0.756944477	-1.264	-0.364	-0.204	-0.304	-2.704	-1.804
29.1	1.243	1.143	0.776085776	0.758230017	-1.257	-0.357	-0.197	-0.297	-2.697	-1.797
29.2	1.25	1.15	0.777299861	0.759510917	-1.25	-0.35	-0.19	-0.29	-2.69	-1.79
29.3	1.257	1.157	0.778509242	0.760787172	-1.243	-0.343	-0.183	-0.283	-2.683	-1.783
29.4	1.264	1.164	0.779713917	0.762058776	-1.236	-0.336	-0.176	-0.276	-2.676	-1.776
29.5	1.271	1.171	0.780913883	0.763325723	-1.229	-0.329	-0.169	-0.269	-2.669	-1.769
29.6	1.278	1.178	0.78210914	0.764588008	-1.222	-0.322	-0.162	-0.262	-2.662	-1.762
29.7	1.285	1.185	0.783299685	0.765845626	-1.215	-0.315	-0.155	-0.255	-2.655	-1.755
29.8	1.292	1.192	0.784485518	0.767098572	-1.208	-0.308	-0.148	-0.248	-2.648	-1.748
29.9	1.299	1.199	0.785666637	0.768346841	-1.201	-0.301	-0.141	-0.241	-2.641	-1.741
30	1.306	1.206	0.786843041	0.76959043	-1.194	-0.294	-0.134	-0.234	-2.634	-1.734
30.1	1.313	1.213	0.788014731	0.770829334	-1.187	-0.287	-0.127	-0.227	-2.627	-1.727
30.2	1.32	1.22	0.789181707	0.772063549	-1.18	-0.28	-0.12	-0.22	-2.62	-1.72
30.3	1.327	1.227	0.790343967	0.773293073	-1.173	-0.273	-0.113	-0.213	-2.613	-1.713
30.4	1.334	1.234	0.791501512	0.774517901	-1.166	-0.266	-0.106	-0.206	-2.606	-1.706
30.5	1.341	1.241	0.792654343	0.775738031	-1.159	-0.259	-0.099	-0.199	-2.599	-1.699
30.6	1.348	1.248	0.79380246	0.77695346	-1.152	-0.252	-0.092	-0.192	-2.592	-1.692
30.7	1.355	1.255	0.794945865	0.778164185	-1.145	-0.245	-0.085	-0.185	-2.585	-1.685
30.8	1.362	1.262	0.796084558	0.779370205	-1.138	-0.238	-0.078	-0.178	-2.578	-1.678
30.9	1.369	1.269	0.79721854	0.780571516	-1.131	-0.231	-0.071	-0.171	-2.571	-1.671
31	1.376	1.276	0.798347814	0.781768119	-1.124	-0.224	-0.064	-0.164	-2.564	-1.664
31.1	1.383	1.283	0.799472381	0.78296001	-1.117	-0.217	-0.057	-0.157	-2.557	-1.657
31.2	1.39	1.29	0.800592243	0.784147189	-1.11	-0.21	-0.05	-0.15	-2.55	-1.65
31.3	1.397	1.297	0.801707402	0.785329655	-1.103	-0.203	-0.043	-0.143	-2.543	-1.643
31.4	1.404	1.304	0.802817861	0.786507407	-1.096	-0.196	-0.036	-0.136	-2.536	-1.636
31.5	1.411	1.311	0.803923622	0.787680444	-1.089	-0.189	-0.029	-0.129	-2.529	-1.629
31.6	1.418	1.318	0.805024688	0.788848766	-1.082	-0.182	-0.022	-0.122	-2.522	-1.622
31.7	1.425	1.325	0.806121062	0.790012373	-1.075	-0.175	-0.015	-0.115	-2.515	-1.615
31.8	1.432	1.332	0.807212748	0.791171266	-1.068	-0.168	-0.008	-0.108	-2.508	-1.608
31.9	1.439	1.339	0.808299748	0.792325444	-1.061	-0.161	-0.001	-0.101	-2.501	-1.601
32	1.446	1.346	0.809382067	0.793474908	-1.054	-0.154	0.006	-0.094	-2.494	-1.594
32.1	1.453	1.353	0.810459708	0.794619659	-1.047	-0.147	0.013	-0.087	-2.487	-1.587
32.2	1.46	1.36	0.811532675	0.795759698	-1.04	-0.14	0.02	-0.08	-2.48	-1.58
32.3	1.467	1.367	0.812600973	0.796895026	-1.033	-0.133	0.027	-0.073	-2.473	-1.573
32.4	1.474	1.374	0.813664605	0.798025645	-1.026	-0.126	0.034	-0.066	-2.466	-1.566
32.5	1.481	1.381	0.814723577	0.799151557	-1.019	-0.119	0.041	-0.059	-2.459	-1.559
32.6	1.488	1.388	0.815777894	0.800272763	-1.012	-0.112	0.048	-0.052	-2.452	-1.552
32.7	1.495	1.395	0.816827559	0.801389265	-1.005	-0.105	0.055	-0.045	-2.445	-1.545
32.8	1.502	1.402	0.81787258	0.802501067	-0.998	-0.098	0.062	-0.038	-2.438	-1.538
32.9	1.509	1.409	0.81891296	0.803608169	-0.991	-0.091	0.069	-0.031	-2.431	-1.531
33	1.516	1.416	0.819948705	0.804710577	-0.984	-0.084	0.076	-0.024	-2.424	-1.524
33.1	1.523	1.423	0.820979821	0.805808291	-0.977	-0.077	0.083	-0.017	-2.417	-1.517
33.2	1.53	1.43	0.822006314	0.806901316	-0.97	-0.07	0.09	-0.01	-2.41	-1.51
33.3	1.537	1.437	0.82302819	0.807989654	-0.963	-0.063	0.097	-0.003	-2.403	-1.503
33.4	1.544	1.444	0.824045455	0.80907331	-0.956	-0.056	0.104	0.004	-2.396	-1.496
33.5	1.551	1.451	0.825058116	0.810152287	-0.949	-0.049	0.111	0.011	-2.389	-1.489
33.6	1.558	1.458	0.826066179	0.811226589	-0.942	-0.042	0.118	0.018	-2.382	-1.482
33.7	1.565	1.465	0.82706965	0.812296221	-0.935	-0.035	0.125	0.025	-2.375	-1.475
33.8	1.572	1.472	0.828068537	0.813361186	-0.928	-0.028	0.132	0.032	-2.368	-1.468
33.9	1.579	1.479	0.829062847	0.814421489	-0.921	-0.021	0.139	0.039	-2.361	-1.461
34	1.586	1.486	0.830052587	0.815477135	-0.914	-0.014	0.146	0.046	-2.354	-1.454
34.1	1.593	1.493	0.831037764	0.816528129	-0.907	-0.007	0.153	0.053	-2.347	-1.447
34.2	1.6	1.5	0.832018385	0.817574476	-0.9	6.10623E-16	0.16	0.06	-2.34	-1.44
34.3	1.607	1.507	0.832994459	0.818616181	-0.893	0.007	0.167	0.067	-2.333	-1.433
34.4	1.614	1.514	0.833965993	0.81965325	-0.886	0.014	0.174	0.074	-2.326	-1.426
34.5	1.621	1.521	0.834932996	0.820685688	-0.879	0.021	0.181	0.081	-2.319	-1.419
34.6	1.628	1.528	0.835895475	0.821713502	-0.872	0.028	0.188	0.088	-2.312	-1.412
34.7	1.635	1.535	0.836853438	0.822736696	-0.865	0.035	0.195	0.095	-2.305	-1.405
34.8	1.642	1.542	0.837806894	0.823755278	-0.858	0.042	0.202	0.102	-2.298	-1.398
34.9	1.649	1.549	0.838755852	0.824769254	-0.851	0.049	0.209	0.109	-2.291	-1.391
35	1.656	1.556	0.83970032	0.82577863	-0.844	0.056	0.216	0.116	-2.284	-1.384
35.1	1.663	1.563	0.840640306	0.826783412	-0.837	0.063	0.223	0.123	-2.277	-1.377
35.2	1.67	1.57	0.841575821	0.827783608	-0.83	0.07	0.23	0.13	-2.27	-1.37
35.3	1.677	1.577	0.842506873	0.828779225	-0.823	0.077	0.237	0.137	-2.263	-1.363
35.4	1.684	1.584	0.843433471	0.82977027	-0.816	0.084	0.244	0.144	-2.256	-1.356
35.5	1.691	1.591	0.844355624	0.83075675	-0.809	0.091	0.251	0.151	-2.249	-1.349
35.6	1.698	1.598	0.845273343	0.831738672	-0.802	0.098	0.258	0.158	-2.242	-1.342
35.7	1.705	1.605	0.846186636	0.832716044	-0.795	0.105	0.265	0.165	-2.235	-1.335
35.8	1.712	1.612	0.847095514	0.833688875	-0.788	0.112	0.272	0.172	-2.228	-1.328
35.9	1.719	1.619	0.847999985	0.834657171	-0.781	0.119	0.279	0.179	-2.221	-1.321
36	1.726	1.626	0.848900061	0.835620942	-0.774	0.126	0.286	0.186	-2.214	-1.314
36.1	1.733	1.633	0.849795751	0.836580194	-0.767	0.133	0.293	0.193	-2.207	-1.307
36.2	1.74	1.64	0.850687065	0.837534937	-0.76	0.14	0.3	0.2	-2.2	-1.3
36.3	1.747	1.647	0.851574015	0.83848518	-0.753	0.147	0.307	0.207	-2.193	-1.293
36.4	1.754	1.654	0.852456609	0.839430929	-0.746	0.154	0.314	0.214	-2.186	-1.286
36.5	1.761	1.661	0.853334859	0.840372195	-0.739	0.161	0.321	0.221	-2.179	-1.279
36.6	1.768	1.668	0.854208775	0.841308987	-0.732	0.168	0.328	0.228	-2.172	-1.272
36.7	1.775	1.675	0.855078369	0.842241313	-0.725	0.175	0.335	0.235	-2.165	-1.265
36.8	1.782	1.682	0.85594365	0.843169182	-0.718	0.182	0.342	0.242	-2.158	-1.258
36.9	1.789	1.689	0.85680463	0.844092605	-0.711	0.189	0.349	0.249	-2.151	-1.251
37	1.796	1.696	0.85766132	0.84501159	-0.704	0.196	0.356	0.256	-2.144	-1.244
37.1	1.803	1.703	0.858513731	0.845926146	-0.697	0.203	0.363	0.263	-2.137	-1.237
37.2	1.81	1.71	0.859361874	0.846836284	-0.69	0.21	0.37	0.27	-2.13	-1.23
37.3	1.817	1.717	0.860205761	0.847742014	-0.683	0.217	0.377	0.277	-2.123	-1.223
37.4	1.824	1.724	0.861045403	0.848643344	-0.676	0.224	0.384	0.284	-2.116	-1.216
37.5	1.831	1.731	0.861880812	0.849540287	-0.669	0.231	0.391	0.291	-2.109	-1.209
37.6	1.838	1.738	0.862711999	0.85043285	-0.662	0.238	0.398	0.298	-2.102	-1.202
37.7	1.845	1.745	0.863538976	0.851321045	-0.655	0.245	0.405	0.305	-2.095	-1.195
37.8	1.852	1.752	0.864361755	0.852204883	-0.648	0.252	0.412	0.312	-2.088	-1.188
37.9	1.859	1.759	0.865180347	0.853084373	-0.641	0.259	0.419	0.319	-2.081	-1.181
38	1.866	1.766	0.865994765	0.853959526	-0.634	0.266	0.426	0.326	-2.074	-1.174
38.1	1.873	1.773	0.866805021	0.854830354	-0.627	0.273	0.433	0.333	-2.067	-1.167
38.2	1.88	1.78	0.867611126	0.855696866	-0.62	0.28	0.44	0.34	-2.06	-1.16
38.3	1.887	1.787	0.868413094	0.856559074	-0.613	0.287	0.447	0.347	-2.053	-1.153
38.4	1.894	1.794	0.869210936	0.857416988	-0.606	0.294	0.454	0.354	-2.046	-1.146
38.5	1.901	1.801	0.870004664	0.858270621	-0.599	0.301	0.461	0.361	-2.039	-1.139
38.6	1.908	1.808	0.870794291	0.859119982	-0.592	0.308	0.468	0.368	-2.032	-1.132
38.7	1.915	1.815	0.871579831	0.859965084	-0.585	0.315	0.475	0.375	-2.025	-1.125
38.8	1.922	1.822	0.872361294	0.860805938	-0.578	0.322	0.482	0.382	-2.018	-1.118
38.9	1.929	1.829	0.873138694	0.861642555	-0.571	0.329	0.489	0.389	-2.011	-1.111
39	1.936	1.836	0.873912043	0.862474947	-0.564	0.336	0.496	0.396	-2.004	-1.104
39.1	1.943	1.843	0.874681355	0.863303126	-0.557	0.343	0.503	0.403	-1.997	-1.097
39.2	1.95	1.85	0.875446642	0.864127103	-0.55	0.35	0.51	0.41	-1.99	-1.09
39.3	1.957	1.857	0.876207917	0.86494689	-0.543	0.357	0.517	0.417	-1.983	-1.083
39.4	1.964	1.864	0.876965193	0.8657625	-0.536	0.364	0.524	0.424	-1.976	-1.076
39.5	1.971	1.871	0.877718482	0.866573943	-0.529	0.371	0.531	0.431	-1.969	-1.069
39.6	1.978	1.878	0.878467799	0.867381233	-0.522	0.378	0.538	0.438	-1.962	-1.062
39.7	1.985	1.885	0.879213157	0.868184382	-0.515	0.385	0.545	0.445	-1.955	-1.055
39.8	1.992	1.892	0.879954567	0.868983401	-0.508	0.392	0.552	0.452	-1.948	-1.048
39.9	1.999	1.899	0.880692044	0.869778304	-0.501	0.399	0.559	0.459	-1.941	-1.041
40	2.006	1.906	0.881425602	0.870569101	-0.494	0.406	0.566	0.466	-1.934	-1.034
40.1	2.013	1.913	0.882155252	0.871355807	-0.487	0.413	0.573	0.473	-1.927	-1.027
40.2	2.02	1.92	0.882881009	0.872138434	-0.48	0.42	0.58	0.48	-1.92	-1.02
40.3	2.027	1.927	0.883602886	0.872916993	-0.473	0.427	0.587	0.487	-1.913	-1.013
40.4	2.034	1.934	0.884320897	0.873691499	-0.466	0.434	0.594	0.494	-1.906	-1.006
40.5	2.041	1.941	0.885035055	0.874461963	-0.459	0.441	0.601	0.501	-1.899	-0.999
40.6	2.048	1.948	0.885745374	0.875228398	-0.452	0.448	0.608	0.508	-1.892	-0.992
40.7	2.055	1.955	0.886451867	0.875990818	-0.445	0.455	0.615	0.515	-1.885	-0.985
40.8	2.062	1.962	0.887154548	0.876749235	-0.438	0.462	0.622	0.522	-1.878	-0.978
40.9	2.069	1.969	0.88785343	0.877503663	-0.431	0.469	0.629	0.529	-1.871	-0.971
41	2.076	1.976	0.888548528	0.878254114	-0.424	0.476	0.636	0.536	-1.864	-0.964
41.1	2.083	1.983	0.889239856	0.879000601	-0.417	0.483	0.643	0.543	-1.857	-0.957
41.2	2.09	1.99	0.889927426	0.879743138	-0.41	0.49	0.65	0.55	-1.85	-0.95
41.3	2.097	1.997	0.890611253	0.880481737	-0.403	0.497	0.657	0.557	-1.843	-0.943
41.4	2.104	2.004	0.89129135	0.881216413	-0.396	0.504	0.664	0.564	-1.836	-0.936
41.5	2.111	2.011	0.891967732	0.881947178	-0.389	0.511	0.671	0.571	-1.829	-0.929
41.6	2.118	2.018	0.892640413	0.882674046	-0.382	0.518	0.678	0.578	-1.822	-0.922
41.7	2.125	2.025	0.893309406	0.883397031	-0.375	0.525	0.685	0.585	-1.815	-0.915
41.8	2.132	2.032	0.893974726	0.884116145	-0.368	0.532	0.692	0.592	-1.808	-0.908
41.9	2.139	2.039	0.894636386	0.884831402	-0.361	0.539	0.699	0.599	-1.801	-0.901
42	2.146	2.046	0.8952944	0.885542817	-0.354	0.546	0.706	0.606	-1.794	-0.894
42.1	2.153	2.053	0.895948783	0.886250401	-0.347	0.553	0.713	0.613	-1.787	-0.887
42.2	2.16	2.06	0.896599549	0.88695417	-0.34	0.56	0.72	0.62	-1.78	-0.88
42.3	2.167	2.067	0.897246711	0.887654136	-0.333	0.567	0.727	0.627	-1.773	-0.873
42.4	2.174	2.074	0.897890284	0.888350314	-0.326	0.574	0.734	0.634	-1.766	-0.866
42.5	2.181	2.081	0.898530282	0.889042717	-0.319	0.581	0.741	0.641	-1.759	-0.859
42.6	2.188	2.088	0.899166719	0.88973136	-0.312	0.588	0.748	0.648	-1.752	-0.852
42.7	2.195	2.095	0.89979961	0.890416255	-0.305	0.595	0.755	0.655	-1.745	-0.845
42.8	2.202	2.102	0.900428968	0.891097416	-0.298	0.602	0.762	0.662	-1.738	-0.838
42.9	2.209	2.109	0.901054808	0.891774859	-0.291	0.609	0.769	0.669	-1.731	-0.831
43	2.216	2.116	0.901677143	0.892448595	-0.284	0.616	0.776	0.676	-1.724	-0.824
43.1	2.223	2.123	0.902295989	0.893118641	-0.277	0.623	0.783	0.683	-1.717	-0.817
43.2	2.23	2.13	0.902911359	0.893785008	-0.27	0.63	0.79	0.69	-1.71	-0.81
43.3	2.237	2.137	0.903523268	0.894447712	-0.263	0.637	0.797	0.697	-1.703	-0.803
43.4	2.244	2.144	0.904131729	0.895106767	-0.256	0.644	0.804	0.704	-1.696	-0.796
43.5	2.251	2.151	0.904736758	0.895762186	-0.249	0.651	0.811	0.711	-1.689	-0.789
43.6	2.258	2.158	0.905338368	0.896413984	-0.242	0.658	0.818	0.718	-1.682	-0.782
43.7	2.265	2.165	0.905936574	0.897062174	-0.235	0.665	0.825	0.725	-1.675	-0.775
43.8	2.272	2.172	0.90653139	0.897706771	-0.228	0.672	0.832	0.732	-1.668	-0.768
43.9	2.279	2.179	0.90712283	0.898347789	-0.221	0.679	0.839	0.739	-1.661	-0.761
44	2.286	2.186	0.907710909	0.898985243	-0.214	0.686	0.846	0.746	-1.654	-0.754
44.1	2.293	2.193	0.90829564	0.899619145	-0.207	0.693	0.853	0.753	-1.647	-0.747
44.2	2.3	2.2	0.908877039	0.900249511	-0.2	0.7	0.86	0.76	-1.64	-0.74
44.3	2.307	2.207	0.909455119	0.900876354	-0.193	0.707	0.867	0.767	-1.633	-0.733
44.4	2.314	2.214	0.910029895	0.90149969	-0.186	0.714	0.874	0.774	-1.626	-0.726
44.5	2.321	2.221	0.910601381	0.902119531	-0.179	0.721	0.881	0.781	-1.619	-0.719
44.6	2.328	2.228	0.911169591	0.902735893	-0.172	0.728	0.888	0.788	-1.612	-0.712
44.7	2.335	2.235	0.911734539	0.903348789	-0.165	0.735	0.895	0.795	-1.605	-0.705
44.8	2.342	2.242	0.912296241	0.903958234	-0.158	0.742	0.902	0.802	-1.598	-0.698
44.9	2.349	2.249	0.912854709	0.904564242	-0.151	0.749	0.909	0.809	-1.591	-0.691
45	2.356	2.256	0.913409959	0.905166828	-0.144	0.756	0.916	0.816	-1.584	-0.684
45.1	2.363	2.263	0.913962005	0.905766005	-0.137	0.763	0.923	0.823	-1.577	-0.677
45.2	2.37	2.27	0.914510861	0.906361788	-0.13	0.77	0.93	0.83	-1.57	-0.67
45.3	2.377	2.277	0.91505654	0.906954191	-0.123	0.777	0.937	0.837	-1.563	-0.663
45.4	2.384	2.284	0.915599058	0.907543229	-0.116	0.784	0.944	0.844	-1.556	-0.656
45.5	2.391	2.291	0.916138429	0.908128915	-0.109	0.791	0.951	0.851	-1.549	-0.649
45.6	2.398	2.298	0.916674666	0.908711264	-0.102	0.798	0.958	0.858	-1.542	-0.642
45.7	2.405	2.305	0.917207785	0.909290291	-0.095	0.805	0.965	0.865	-1.535	-0.635
45.8	2.412	2.312	0.917737798	0.90986601	-0.088	0.812	0.972	0.872	-1.528	-0.628
45.9	2.419	2.319	0.918264721	0.910438434	-0.081	0.819	0.979	0.879	-1.521	-0.621
46	2.426	2.326	0.918788568	0.911007578	-0.074	0.826	0.986	0.886	-1.514	-0.614
46.1	2.433	2.333	0.919309352	0.911573457	-0.067	0.833	0.993	0.893	-1.507	-0.607
46.2	2.44	2.34	0.919827088	0.912136085	-0.06	0.84	1	0.9	-1.5	-0.6
46.3	2.447	2.347	0.92034179	0.912695476	-0.053	0.847	1.007	0.907	-1.493	-0.593
46.4	2.454	2.354	0.920853471	0.913251644	-0.046	0.854	1.014	0.914	-1.486	-0.586
46.5	2.461	2.361	0.921362147	0.913804604	-0.039	0.861	1.021	0.921	-1.479	-0.579
46.6	2.468	2.368	0.921867831	0.914354369	-0.032	0.868	1.028	0.928	-1.472	-0.572
46.7	2.475	2.375	0.922370537	0.914900955	-0.025	0.875	1.035	0.935	-1.465	-0.565
46.8	2.482	2.382	0.92287028	0.915444375	-0.018	0.882	1.042	0.942	-1.458	-0.558
46.9	2.489	2.389	0.923367072	0.915984643	-0.011	0.889	1.049	0.949	-1.451	-0.551
47	2.496	2.396	0.923860929	0.916521775	-0.004	0.896	1.056	0.956	-1.444	-0.544
47.1	2.503	2.403	0.924351864	0.917055783	0.003	0.903	1.063	0.963	-1.437	-0.537
47.2	2.51	2.41	0.924839891	0.917586682	0.01	0.91	1.07	0.97	-1.43	-0.53
47.3	2.517	2.417	0.925325023	0.918114486	0.017	0.917	1.077	0.977	-1.423	-0.523
47.4	2.524	2.424	0.925807276	0.91863921	0.024	0.924	1.084	0.984	-1.416	-0.516
47.5	2.531	2.431	0.926286662	0.919160868	0.031	0.931	1.091	0.991	-1.409	-0.509
47.6	2.538	2.438	0.926763196	0.919679473	0.038	0.938	1.098	0.998	-1.402	-0.502
47.7	2.545	2.445	0.927236891	0.920195041	0.045	0.945	1.105	1.005	-1.395	-0.495
47.8	2.552	2.452	0.927707762	0.920707584	0.052	0.952	1.112	1.012	-1.388	-0.488
47.9	2.559	2.459	0.928175821	0.921217117	0.059	0.959	1.119	1.019	-1.381	-0.481
48	2.566	2.466	0.928641083	0.921723655	0.066	0.966	1.126	1.026	-1.374	-0.474
48.1	2.573	2.473	0.929103561	0.92222721	0.073	0.973	1.133	1.033	-1.367	-0.467
48.2	2.58	2.48	0.929563269	0.922727798	0.08	0.98	1.14	1.04	-1.36	-0.46
48.3	2.587	2.487	0.930020221	0.923225432	0.087	0.987	1.147	1.047	-1.353	-0.453
48.4	2.594	2.494	0.93047443	0.923720126	0.094	0.994	1.154	1.054	-1.346	-0.446
48.5	2.601	2.501	0.93092591	0.924211894	0.101	1.001	1.161	1.061	-1.339	-0.439
48.6	2.608	2.508	0.931374675	0.92470075	0.108	1.008	1.168	1.068	-1.332	-0.432
48.7	2.615	2.515	0.931820737	0.925186708	0.115	1.015	1.175	1.075	-1.325	-0.425
48.8	2.622	2.522	0.932264111	0.925669783	0.122	1.022	1.182	1.082	-1.318	-0.418
48.9	2.629	2.529	0.93270481	0.926149986	0.129	1.029	1.189	1.089	-1.311	-0.411
49	2.636	2.536	0.933142847	0.926627334	0.136	1.036	1.196	1.096	-1.304	-0.404
49.1	2.643	2.543	0.933578236	0.927101839	0.143	1.043	1.203	1.103	-1.297	-0.397
49.2	2.65	2.55	0.934010991	0.927573515	0.15	1.05	1.21	1.11	-1.29	-0.39
49.3	2.657	2.557	0.934441123	0.928042376	0.157	1.057	1.217	1.117	-1.283	-0.383
49.4	2.664	2.564	0.934868648	0.928508435	0.164	1.064	1.224	1.124	-1.276	-0.376
49.5	2.671	2.571	0.935293577	0.928971708	0.171	1.071	1.231	1.131	-1.269	-0.369
49.6	2.678	2.578	0.935715925	0.929432206	0.178	1.078	1.238	1.138	-1.262	-0.362
49.7	2.685	2.585	0.936135704	0.929889944	0.185	1.085	1.245	1.145	-1.255	-0.355
49.8	2.692	2.592	0.936552929	0.930344935	0.192	1.092	1.252	1.152	-1.248	-0.348
49.9	2.699	2.599	0.93696761	0.930797194	0.199	1.099	1.259	1.159	-1.241	-0.341
50	2.706	2.606	0.937379763	0.931246733	0.206	1.106	1.266	1.166	-1.234	-0.334
50.1	2.713	2.613	0.9377894	0.931693566	0.213	1.113	1.273	1.173	-1.227	-0.327
50.2	2.72	2.62	0.938196534	0.932137706	0.22	1.12	1.28	1.18	-1.22	-0.32
50.3	2.727	2.627	0.938601177	0.932579168	0.227	1.127	1.287	1.187	-1.213	-0.313
50.4	2.734	2.634	0.939003344	0.933017965	0.234	1.134	1.294	1.194	-1.206	-0.306
50.5	2.741	2.641	0.939403047	0.933454109	0.241	1.141	1.301	1.201	-1.199	-0.299
50.6	2.748	2.648	0.939800298	0.933887615	0.248	1.148	1.308	1.208	-1.192	-0.292
50.7	2.755	2.655	0.940195111	0.934318495	0.255	1.155	1.315	1.215	-1.185	-0.285
50.8	2.762	2.662	0.940587498	0.934746763	0.262	1.162	1.322	1.222	-1.178	-0.278
50.9	2.769	2.669	0.940977472	0.935172433	0.269	1.169	1.329	1.229	-1.171	-0.271
51	2.776	2.676	0.941365046	0.935595517	0.276	1.176	1.336	1.236	-1.164	-0.264
51.1	2.783	2.683	0.941750233	0.936016029	0.283	1.183	1.343	1.243	-1.157	-0.257
51.2	2.79	2.69	0.942133045	0.936433982	0.29	1.19	1.35	1.25	-1.15	-0.25
51.3	2.797	2.697	0.942513494	0.936849389	0.297	1.197	1.357	1.257	-1.143	-0.243
51.4	2.804	2.704	0.942891594	0.937262263	0.304	1.204	1.364	1.264	-1.136	-0.236
51.5	2.811	2.711	0.943267357	0.937672617	0.311	1.211	1.371	1.271	-1.129	-0.229
51.6	2.818	2.718	0.943640795	0.938080464	0.318	1.218	1.378	1.278	-1.122	-0.222
51.7	2.825	2.725	0.944011921	0.938485818	0.325	1.225	1.385	1.285	-1.115	-0.215
51.8	2.832	2.732	0.944380747	0.938888691	0.332	1.232	1.392	1.292	-1.108	-0.208
51.9	2.839	2.739	0.944747286	0.939289097	0.339	1.239	1.399	1.299	-1.101	-0.201
52	2.846	2.746	0.945111549	0.939687047	0.346	1.246	1.406	1.306	-1.094	-0.194
52.1	2.853	2.753	0.94547355	0.940082555	0.353	1.253	1.413	1.313	-1.087	-0.187
52.2	2.86	2.76	0.9458333	0.940475634	0.36	1.26	1.42	1.32	-1.08	-0.18
52.3	2.867	2.767	0.946190811	0.940866296	0.367	1.267	1.427	1.327	-1.073	-0.173
52.4	2.874	2.774	0.946546096	0.941254555	0.374	1.274	1.434	1.334	-1.066	-0.166
52.5	2.881	2.781	0.946899167	0.941640422	0.381	1.281	1.441	1.341	-1.059	-0.159
52.6	2.888	2.788	0.947250036	0.942023912	0.388	1.288	1.448	1.348	-1.052	-0.152
52.7	2.895	2.795	0.947598715	0.942405035	0.395	1.295	1.455	1.355	-1.045	-0.145
52.8	2.902	2.802	0.947945216	0.942783805	0.402	1.302	1.462	1.362	-1.038	-0.138
52.9	2.909	2.809	0.94828955	0.943160234	0.409	1.309	1.469	1.369	-1.031	-0.131
53	2.916	2.816	0.94863173	0.943534335	0.416	1.316	1.476	1.376	-1.024	-0.124
53.1	2.923	2.823	0.948971768	0.94390612	0.423	1.323	1.483	1.383	-1.017	-0.117
53.2	2.93	2.83	0.949309675	0.944275602	0.43	1.33	1.49	1.39	-1.01	-0.11
53.3	2.937	2.837	0.949645463	0.944642793	0.437	1.337	1.497	1.397	-1.003	-0.103
53.4	2.944	2.844	0.949979144	0.945007705	0.444	1.344	1.504	1.404	-0.996	-0.096
53.5	2.951	2.851	0.95031073	0.945370351	0.451	1.351	1.511	1.411	-0.989	-0.089
53.6	2.958	2.858	0.950640232	0.945730743	0.458	1.358	1.518	1.418	-0.982	-0.082
53.7	2.965	2.865	0.950967661	0.946088893	0.465	1.365	1.525	1.425	-0.975	-0.075
53.8	2.972	2.872	0.95129303	0.946444813	0.472	1.372	1.532	1.432	-0.968	-0.068
53.9	2.979	2.879	0.951616349	0.946798515	0.479	1.379	1.539	1.439	-0.961	-0.061
54	2.986	2.886	0.951937631	0.947150012	0.486	1.386	1.546	1.446	-0.954	-0.054
54.1	2.993	2.893	0.952256886	0.947499315	0.493	1.393	1.553	1.453	-0.947	-0.047
54.2	3	2.9	0.952574127	0.947846437	0.5	1.4	1.56	1.46	-0.94	-0.04
54.3	3.007	2.907	0.952889363	0.948191389	0.507	1.407	1.567	1.467	-0.933	-0.033
54.4	3.014	2.914	0.953202608	0.948534184	0.514	1.414	1.574	1.474	-0.926	-0.026
54.5	3.021	2.921	0.953513871	0.948874832	0.521	1.421	1.581	1.481	-0.919	-0.019
54.6	3.028	2.928	0.953823164	0.949213347	0.528	1.428	1.588	1.488	-0.912	-0.012
54.7	3.035	2.935	0.954130498	0.949549739	0.535	1.435	1.595	1.495	-0.905	-0.005
54.8	3.042	2.942	0.954435884	0.949884021	0.542	1.442	1.602	1.502	-0.898	0.002
54.9	3.049	2.949	0.954739334	0.950216204	0.549	1.449	1.609	1.509	-0.891	0.009
55	3.056	2.956	0.955040858	0.9505463	0.556	1.456	1.616	1.516	-0.884	0.016
55.1	3.063	2.963	0.955340467	0.950874321	0.563	1.463	1.623	1.523	-0.877	0.023
55.2	3.07	2.97	0.955638172	0.951200277	0.57	1.47	1.63	1.53	-0.87	0.03
55.3	3.077	2.977	0.955933985	0.951524181	0.577	1.477	1.637	1.537	-0.863	0.037
55.4	3.084	2.984	0.956227915	0.951846044	0.584	1.484	1.644	1.544	-0.856	0.044
55.5	3.091	2.991	0.956519974	0.952165877	0.591	1.491	1.651	1.551	-0.849	0.051
55.6	3.098	2.998	0.956810172	0.952483692	0.598	1.498	1.658	1.558	-0.842	0.058
55.7	3.105	3.005	0.95709852	0.9527995	0.605	1.505	1.665	1.565	-0.835	0.065
55.8	3.112	3.012	0.957385028	0.953113312	0.612	1.512	1.672	1.572	-0.828	0.072
55.9	3.119	3.019	0.957669708	0.95342514	0.619	1.519	1.679	1.579	-0.821	0.079
56	3.126	3.026	0.95795257	0.953734995	0.626	1.526	1.686	1.586	-0.814	0.086
56.1	3.133	3.033	0.958233624	0.954042887	0.633	1.533	1.693	1.593	-0.807	0.093
56.2	3.14	3.04	0.958512881	0.954348829	0.64	1.54	1.7	1.6	-0.8	0.1
56.3	3.147	3.047	0.958790351	0.954652831	0.647	1.547	1.707	1.607	-0.793	0.107
56.4	3.154	3.054	0.959066044	0.954954904	0.654	1.554	1.714	1.614	-0.786	0.114
56.5	3.161	3.061	0.959339971	0.955255059	0.661	1.561	1.721	1.621	-0.779	0.121
56.6	3.168	3.068	0.959612142	0.955553307	0.668	1.568	1.728	1.628	-0.772	0.128
56.7	3.175	3.075	0.959882568	0.955849659	0.675	1.575	1.735	1.635	-0.765	0.135
56.8	3.182	3.082	0.960151258	0.956144126	0.682	1.582	1.742	1.642	-0.758	0.142
56.9	3.189	3.089	0.960418223	0.956436719	0.689	1.589	1.749	1.649	-0.751	0.149
57	3.196	3.096	0.960683472	0.956727447	0.696	1.596	1.756	1.656	-0.744	0.156
57.1	3.203	3.103	0.960947017	0.957016323	0.703	1.603	1.763	1.663	-0.737	0.163
57.2	3.21	3.11	0.961208866	0.957303356	0.71	1.61	1.77	1.67	-0.73	0.17
57.3	3.217	3.117	0.961469029	0.957588557	0.717	1.617	1.777	1.677	-0.723	0.177
57.4	3.224	3.124	0.961727518	0.957871937	0.724	1.624	1.784	1.684	-0.716	0.184
57.5	3.231	3.131	0.96198434	0.958153507	0.731	1.631	1.791	1.691	-0.709	0.191
57.6	3.238	3.138	0.962239507	0.958433276	0.738	1.638	1.798	1.698	-0.702	0.198
57.7	3.245	3.145	0.962493028	0.958711255	0.745	1.645	1.805	1.705	-0.695	0.205
57.8	3.252	3.152	0.962744913	0.958987455	0.752	1.652	1.812	1.712	-0.688	0.212
57.9	3.259	3.159	0.962995172	0.959261886	0.759	1.659	1.819	1.719	-0.681	0.219
58	3.266	3.166	0.963243813	0.959534558	0.766	1.666	1.826	1.726	-0.674	0.226
58.1	3.273	3.173	0.963490847	0.959805481	0.773	1.673	1.833	1.733	-0.667	0.233
58.2	3.28	3.18	0.963736284	0.960074666	0.78	1.68	1.84	1.74	-0.66	0.24
58.3	3.287	3.187	0.963980132	0.960342123	0.787	1.687	1.847	1.747	-0.653	0.247
58.4	3.294	3.194	0.964222401	0.960607861	0.794	1.694	1.854	1.754	-0.646	0.254
58.5	3.301	3.201	0.964463101	0.960871892	0.801	1.701	1.861	1.761	-0.639	0.261
58.6	3.308	3.208	0.96470224	0.961134224	0.808	1.708	1.868	1.768	-0.632	0.268
58.7	3.315	3.215	0.964939829	0.961394868	0.815	1.715	1.875	1.775	-0.625	0.275
58.8	3.322	3.222	0.965175877	0.961653834	0.822	1.722	1.882	1.782	-0.618	0.282
58.9	3.329	3.229	0.965410392	0.961911132	0.829	1.729	1.889	1.789	-0.611	0.289
59	3.336	3.236	0.965643384	0.962166771	0.836	1.736	1.896	1.796	-0.604	0.296
59.1	3.343	3.243	0.965874862	0.962420761	0.843	1.743	1.903	1.803	-0.597	0.303
59.2	3.35	3.25	0.966104836	0.962673113	0.85	1.75	1.91	1.81	-0.59	0.31
59.3	3.357	3.257	0.966333313	0.962923835	0.857	1.757	1.917	1.817	-0.583	0.317
59.4	3.364	3.264	0.966560304	0.963172937	0.864	1.764	1.924	1.824	-0.576	0.324
59.5	3.371	3.271	0.966785817	0.96342043	0.871	1.771	1.931	1.831	-0.569	0.331
59.6	3.378	3.278	0.967009861	0.963666321	0.878	1.778	1.938	1.838	-0.562	0.338
59.7	3.385	3.285	0.967232445	0.963910622	0.885	1.785	1.945	1.845	-0.555	0.345
59.8	3.392	3.292	0.967453578	0.964153342	0.892	1.792	1.952	1.852	-0.548	0.352
59.9	3.399	3.299	0.967673268	0.964394489	0.899	1.799	1.959	1.859	-0.541	0.359
60	3.406	3.306	0.967891525	0.964634073	0.906	1.806	1.966	1.866	-0.534	0.366
60.1	3.413	3.313	0.968108356	0.964872105	0.913	1.813	1.973	1.873	-0.527	0.373
60.2	3.42	3.32	0.968323772	0.965108591	0.92	1.82	1.98	1.88	-0.52	0.38
60.3	3.427	3.327	0.968537779	0.965343544	0.927	1.827	1.987	1.887	-0.513	0.387
60.4	3.434	3.334	0.968750387	0.96557697	0.934	1.834	1.994	1.894	-0.506	0.394
60.5	3.441	3.341	0.968961605	0.96580888	0.941	1.841	2.001	1.901	-0.499	0.401
60.6	3.448	3.348	0.96917144	0.966039282	0.948	1.848	2.008	1.908	-0.492	0.408
60.7	3.455	3.355	0.969379902	0.966268186	0.955	1.855	2.015	1.915	-0.485	0.415
60.8	3.462	3.362	0.969586998	0.966495601	0.962	1.862	2.022	1.922	-0.478	0.422
60.9	3.469	3.369	0.969792737	0.966721535	0.969	1.869	2.029	1.929	-0.471	0.429
61	3.476	3.376	0.969997128	0.966945998	0.976	1.876	2.036	1.936	-0.464	0.436
61.1	3.483	3.383	0.970200178	0.967168998	0.983	1.883	2.043	1.943	-0.457	0.443
61.2	3.49	3.39	0.970401896	0.967390545	0.99	1.89	2.05	1.95	-0.45	0.45
61.3	3.497	3.397	0.97060229	0.967610646	0.997	1.897	2.057	1.957	-0.443	0.457
61.4	3.504	3.404	0.970801367	0.967829312	1.004	1.904	2.064	1.964	-0.436	0.464
61.5	3.511	3.411	0.970999137	0.968046549	1.011	1.911	2.071	1.971	-0.429	0.471
61.6	3.518	3.418	0.971195607	0.968262368	1.018	1.918	2.078	1.978	-0.422	0.478
61.7	3.525	3.425	0.971390786	0.968476777	1.025	1.925	2.085	1.985	-0.415	0.485
61.8	3.532	3.432	0.97158468	0.968689784	1.032	1.932	2.092	1.992	-0.408	0.492
61.9	3.539	3.439	0.971777299	0.968901398	1.039	1.939	2.099	1.999	-0.401	0.499
62	3.546	3.446	0.971968649	0.969111628	1.046	1.946	2.106	2.006	-0.394	0.506
62.1	3.553	3.453	0.97215874	0.969320481	1.053	1.953	2.113	2.013	-0.387	0.513
62.2	3.56	3.46	0.972347578	0.969527967	1.06	1.96	2.12	2.02	-0.38	0.52
62.3	3.567	3.467	0.972535171	0.969734093	1.067	1.967	2.127	2.027	-0.373	0.527
62.4	3.574	3.474	0.972721527	0.969938868	1.074	1.974	2.134	2.034	-0.366	0.534
62.5	3.581	3.481	0.972906655	0.9701423	1.081	1.981	2.141	2.041	-0.359	0.541
62.6	3.588	3.488	0.97309056	0.970344398	1.088	1.988	2.148	2.048	-0.352	0.548
62.7	3.595	3.495	0.973273252	0.970545169	1.095	1.995	2.155	2.055	-0.345	0.555
62.8	3.602	3.502	0.973454737	0.970744622	1.102	2.002	2.162	2.062	-0.338	0.562
62.9	3.609	3.509	0.973635023	0.970942765	1.109	2.009	2.169	2.069	-0.331	0.569
63	3.616	3.516	0.973814117	0.971139605	1.116	2.016	2.176	2.076	-0.324	0.576
63.1	3.623	3.523	0.973992028	0.971335152	1.123	2.023	2.183	2.083	-0.317	0.583
63.2	3.63	3.53	0.974168761	0.971529412	1.13	2.03	2.19	2.09	-0.31	0.59
63.3	3.637	3.537	0.974344326	0.971722395	1.137	2.037	2.197	2.097	-0.303	0.597
63.4	3.644	3.544	0.974518728	0.971914107	1.144	2.044	2.204	2.104	-0.296	0.604
63.5	3.651	3.551	0.974691976	0.972104556	1.151	2.051	2.211	2.111	-0.289	0.611
63.6	3.658	3.558	0.974864076	0.972293751	1.158	2.058	2.218	2.118	-0.282	0.618
63.7	3.665	3.565	0.975035036	0.972481699	1.165	2.065	2.225	2.125	-0.275	0.625
63.8	3.672	3.572	0.975204863	0.972668408	1.172	2.072	2.232	2.132	-0.268	0.632
63.9	3.679	3.579	0.975373563	0.972853886	1.179	2.079	2.239	2.139	-0.261	0.639
64	3.686	3.586	0.975541145	0.97303814	1.186	2.086	2.246	2.146	-0.254	0.646
64.1	3.693	3.593	0.975707614	0.973221177	1.193	2.093	2.253	2.153	-0.247	0.653
64.2	3.7	3.6	0.975872979	0.973403006	1.2	2.1	2.26	2.16	-0.24	0.66
64.3	3.707	3.607	0.976037245	0.973583634	1.207	2.107	2.267	2.167	-0.233	0.667
64.4	3.714	3.614	0.97620042	0.973763068	1.214	2.114	2.274	2.174	-0.226	0.674
64.5	3.721	3.621	0.976362512	0.973941317	1.221	2.121	2.281	2.181	-0.219	0.681
64.6	3.728	3.628	0.976523525	0.974118386	1.228	2.128	2.288	2.188	-0.212	0.688
64.7	3.735	3.635	0.976683468	0.974294284	1.235	2.135	2.295	2.195	-0.205	0.695
64.8	3.742	3.642	0.976842348	0.974469017	1.242	2.142	2.302	2.202	-0.198	0.702
64.9	3.749	3.649	0.97700017	0.974642594	1.249	2.149	2.309	2.209	-0.191	0.709
65	3.756	3.656	0.977156942	0.974815021	1.256	2.156	2.316	2.216	-0.184	0.716
65.1	3.763	3.663	0.97731267	0.974986306	1.263	2.163	2.323	2.223	-0.177	0.723
65.2	3.77	3.67	0.977467361	0.975156456	1.27	2.17	2.33	2.23	-0.17	0.73
65.3	3.777	3.677	0.977621021	0.975325477	1.277	2.177	2.337	2.237	-0.163	0.737
65.4	3.784	3.684	0.977773657	0.975493378	1.284	2.184	2.344	2.244	-0.156	0.744
65.5	3.791	3.691	0.977925276	0.975660164	1.291	2.191	2.351	2.251	-0.149	0.751
65.6	3.798	3.698	0.978075883	0.975825844	1.298	2.198	2.358	2.258	-0.142	0.758
65.7	3.805	3.705	0.978225486	0.975990423	1.305	2.205	2.365	2.265	-0.135	0.765
65.8	3.812	3.712	0.978374091	0.97615391	1.312	2.212	2.372	2.272	-0.128	0.772
65.9	3.819	3.719	0.978521703	0.97631631	1.319	2.219	2.379	2.279	-0.121	0.779
66	3.826	3.726	0.97866833	0.976477631	1.326	2.226	2.386	2.286	-0.114	0.786
66.1	3.833	3.733	0.978813978	0.976637879	1.333	2.233	2.393	2.293	-0.107	0.793
66.2	3.84	3.74	0.978958653	0.976797062	1.34	2.24	2.4	2.3	-0.1	0.8
66.3	3.847	3.747	0.979102361	0.976955185	1.347	2.247	2.407	2.307	-0.093	0.807
66.4	3.854	3.754	0.979245108	0.977112257	1.354	2.254	2.414	2.314	-0.086	0.814
66.5	3.861	3.761	0.979386901	0.977268282	1.361	2.261	2.421	2.321	-0.079	0.821
66.6	3.868	3.768	0.979527745	0.977423269	1.368	2.268	2.428	2.328	-0.072	0.828
66.7	3.875	3.775	0.979667647	0.977577223	1.375	2.275	2.435	2.335	-0.065	0.835
66.8	3.882	3.782	0.979806612	0.977730151	1.382	2.282	2.442	2.342	-0.058	0.842
66.9	3.889	3.789	0.979944647	0.977882059	1.389	2.289	2.449	2.349	-0.051	0.849
67	3.896	3.796	0.980081758	0.978032955	1.396	2.296	2.456	2.356	-0.044	0.856
67.1	3.903	3.803	0.98021795	0.978182844	1.403	2.303	2.463	2.363	-0.037	0.863
67.2	3.91	3.81	0.98035323	0.978331734	1.41	2.31	2.47	2.37	-0.03	0.87
67.3	3.917	3.817	0.980487603	0.978479629	1.417	2.317	2.477	2.377	-0.023	0.877
67.4	3.924	3.824	0.980621075	0.978626537	1.424	2.324	2.484	2.384	-0.016	0.884
67.5	3.931	3.831	0.980753652	0.978772464	1.431	2.331	2.491	2.391	-0.009	0.891
67.6	3.938	3.838	0.98088534	0.978917416	1.438	2.338	2.498	2.398	-0.002	0.898
67.7	3.945	3.845	0.981016144	0.9790614	1.445	2.345	2.505	2.405	0.005	0.905
67.8	3.952	3.852	0.981146071	0.979204421	1.452	2.352	2.512	2.412	0.012	0.912
67.9	3.959	3.859	0.981275125	0.979346486	1.459	2.359	2.519	2.419	0.019	0.919
68	3.966	3.866	0.981403312	0.9794876	1.466	2.366	2.526	2.426	0.026	0.926
68.1	3.973	3.873	0.981530638	0.979627771	1.473	2.373	2.533	2.433	0.033	0.933
68.2	3.98	3.88	0.981657109	0.979767003	1.48	2.38	2.54	2.44	0.04	0.94
68.3	3.987	3.887	0.98178273	0.979905303	1.487	2.387	2.547	2.447	0.047	0.947
68.4	3.994	3.894	0.981907507	0.980042677	1.494	2.394	2.554	2.454	0.054	0.954
68.5	4.001	3.901	0.982031444	0.980179132	1.501	2.401	2.561	2.461	0.061	0.961
68.6	4.008	3.908	0.982154548	0.980314671	1.508	2.408	2.568	2.468	0.068	0.968
68.7	4.015	3.915	0.982276824	0.980449303	1.515	2.415	2.575	2.475	0.075	0.975
68.8	4.022	3.922	0.982398277	0.980583032	1.522	2.422	2.582	2.482	0.082	0.982
68.9	4.029	3.929	0.982518912	0.980715864	1.529	2.429	2.589	2.489	0.089	0.989
69	4.036	3.936	0.982638736	0.980847805	1.536	2.436	2.596	2.496	0.096	0.996
69.1	4.043	3.943	0.982757752	0.980978862	1.543	2.443	2.603	2.503	0.103	1.003
69.2	4.05	3.95	0.982875967	0.981109038	1.55	2.45	2.61	2.51	0.11	1.01
69.3	4.057	3.957	0.982993385	0.981238341	1.557	2.457	2.617	2.517	0.117	1.017
69.4	4.064	3.964	0.983110012	0.981366775	1.564	2.464	2.624	2.524	0.124	1.024
69.5	4.071	3.971	0.983225853	0.981494347	1.571	2.471	2.631	2.531	0.131	1.031
69.6	4.078	3.978	0.983340912	0.981621062	1.578	2.478	2.638	2.538	0.138	1.038
69.7	4.085	3.985	0.983455196	0.981746925	1.585	2.485	2.645	2.545	0.145	1.045
69.8	4.092	3.992	0.983568709	0.981871942	1.592	2.492	2.652	2.552	0.152	1.052
69.9	4.099	3.999	0.983681456	0.981996119	1.599	2.499	2.659	2.559	0.159	1.059
70	4.106	4.006	0.983793442	0.98211946	1.606	2.506	2.666	2.566	0.166	1.066
70.1	4.113	4.013	0.983904672	0.982241972	1.613	2.513	2.673	2.573	0.173	1.073
70.2	4.12	4.02	0.984015152	0.98236366	1.62	2.52	2.68	2.58	0.18	1.08
70.3	4.127	4.027	0.984124885	0.982484528	1.627	2.527	2.687	2.587	0.187	1.087
70.4	4.134	4.034	0.984233877	0.982604583	1.634	2.534	2.694	2.594	0.194	1.094
70.5	4.141	4.041	0.984342132	0.982723829	1.641	2.541	2.701	2.601	0.201	1.101
70.6	4.148	4.048	0.984449656	0.982842273	1.648	2.548	2.708	2.608	0.208	1.108
70.7	4.155	4.055	0.984556453	0.982959918	1.655	2.555	2.715	2.615	0.215	1.115
70.8	4.162	4.062	0.984662528	0.98307677	1.662	2.562	2.722	2.622	0.222	1.122
70.9	4.169	4.069	0.984767886	0.983192835	1.669	2.569	2.729	2.629	0.229	1.129
71	4.176	4.076	0.984872531	0.983308118	1.676	2.576	2.736	2.636	0.236	1.136
71.1	4.183	4.083	0.984976468	0.983422623	1.683	2.583	2.743	2.643	0.243	1.143
71.2	4.19	4.09	0.985079702	0.983536355	1.69	2.59	2.75	2.65	0.25	1.15
71.3	4.197	4.097	0.985182237	0.983649321	1.697	2.597	2.757	2.657	0.257	1.157
71.4	4.204	4.104	0.985284078	0.983761524	1.704	2.604	2.764	2.664	0.264	1.164
71.5	4.211	4.111	0.98538523	0.983872969	1.711	2.611	2.771	2.671	0.271	1.171
71.6	4.218	4.118	0.985485696	0.983983663	1.718	2.618	2.778	2.678	0.278	1.178
71.7	4.225	4.125	0.985585482	0.984093608	1.725	2.625	2.785	2.685	0.285	1.185
71.8	4.232	4.132	0.985684592	0.984202811	1.732	2.632	2.792	2.692	0.292	1.192
71.9	4.239	4.139	0.985783031	0.984311277	1.739	2.639	2.799	2.699	0.299	1.199
72	4.246	4.146	0.985880802	0.984419009	1.746	2.646	2.806	2.706	0.306	1.206
72.1	4.253	4.153	0.98597791	0.984526014	1.753	2.653	2.813	2.713	0.313	1.213
72.2	4.26	4.16	0.98607436	0.984632294	1.76	2.66	2.82	2.72	0.32	1.22
72.3	4.267	4.167	0.986170155	0.984737857	1.767	2.667	2.827	2.727	0.327	1.227
72.4	4.274	4.174	0.986265301	0.984842705	1.774	2.674	2.834	2.734	0.334	1.234
72.5	4.281	4.181	0.986359802	0.984946844	1.781	2.681	2.841	2.741	0.341	1.241
72.6	4.288	4.188	0.986453661	0.985050278	1.788	2.688	2.848	2.748	0.348	1.248
72.7	4.295	4.195	0.986546883	0.985153013	1.795	2.695	2.855	2.755	0.355	1.255
72.8	4.302	4.202	0.986639472	0.985255052	1.802	2.702	2.862	2.762	0.362	1.262
72.9	4.309	4.209	0.986731432	0.9853564	1.809	2.709	2.869	2.769	0.369	1.269
73	4.316	4.216	0.986822768	0.985457061	1.816	2.716	2.876	2.776	0.376	1.276
73.1	4.323	4.223	0.986913484	0.985557041	1.823	2.723	2.883	2.783	0.383	1.283
73.2	4.33	4.23	0.987003583	0.985656344	1.83	2.73	2.89	2.79	0.39	1.29
73.3	4.337	4.237	0.987093071	0.985754974	1.837	2.737	2.897	2.797	0.397	1.297
73.4	4.344	4.244	0.98718195	0.985852935	1.844	2.744	2.904	2.804	0.404	1.304
73.5	4.351	4.251	0.987270224	0.985950232	1.851	2.751	2.911	2.811	0.411	1.311
73.6	4.358	4.258	0.987357899	0.98604687	1.858	2.758	2.918	2.818	0.418	1.318
73.7	4.365	4.265	0.987444978	0.986142852	1.865	2.765	2.925	2.825	0.425	1.325
73.8	4.372	4.272	0.987531464	0.986238183	1.872	2.772	2.932	2.832	0.432	1.332
73.9	4.379	4.279	0.987617362	0.986332867	1.879	2.779	2.939	2.839	0.439	1.339
74	4.386	4.286	0.987702676	0.986426909	1.886	2.786	2.946	2.846	0.446	1.346
74.1	4.393	4.293	0.987787409	0.986520313	1.893	2.793	2.953	2.853	0.453	1.353
74.2	4.4	4.3	0.987871565	0.986613082	1.9	2.8	2.96	2.86	0.46	1.36
74.3	4.407	4.307	0.987955149	0.986705222	1.907	2.807	2.967	2.867	0.467	1.367
74.4	4.414	4.314	0.988038163	0.986796736	1.914	2.814	2.974	2.874	0.474	1.374
74.5	4.421	4.321	0.988120612	0.986887628	1.921	2.821	2.981	2.881	0.481	1.381
74.6	4.428	4.328	0.9882025	0.986977903	1.928	2.828	2.988	2.888	0.488	1.388
74.7	4.435	4.335	0.98828383	0.987067565	1.935	2.835	2.995	2.895	0.495	1.395
74.8	4.442	4.342	0.988364606	0.987156617	1.942	2.842	3.002	2.902	0.502	1.402
74.9	4.449	4.349	0.988444831	0.987245064	1.949	2.849	3.009	2.909	0.509	1.409
75	4.456	4.356	0.98852451	0.98733291	1.956	2.856	3.016	2.916	0.516	1.416
