Age	g1	g2
10.1	-0.489	0.409
10.2	-0.484	0.412
10.3	-0.479	0.415
10.4	-0.474	0.418
10.5	-0.469	0.421
10.6	-0.464	0.424
10.7	-0.459	0.427
10.8	-0.454	0.43
10.9	-0.449	0.433
11	-0.444	0.436
11.1	-0.439	0.439
11.2	-0.434	0.442
11.3	-0.429	0.445
11.4	-0.424	0.448
11.5	-0.419	0.451
11.6	-0.414	0.454
11.7	-0.409	0.457
11.8	-0.404	0.46
11.9	-0.399	0.463
12	-0.394	0.466
12.1	-0.389	0.469
12.2	-0.384	0.472
12.3	-0.379	0.475
12.4	-0.374	0.478
12.5	-0.369	0.481
12.6	-0.364	0.484
12.7	-0.359	0.487
12.8	-0.354	0.49
12.9	-0.349	0.493
13	-0.344	0.496
13.1	-0.339	0.499
13.2	-0.334	0.502
13.3	-0.329	0.505
13.4	-0.324	0.508
13.5	-0.319	0.511
13.6	-0.314	0.514
13.7	-0.309	0.517
13.8	-0.304	0.52
13.9	-0.299	0.523
14	-0.294	0.526
14.1	-0.289	0.529
14.2	-0.284	0.532
14.3	-0.279	0.535
14.4	-0.274	0.538
14.5	-0.269	0.541
14.6	-0.264	0.544
14.7	-0.259	0.547
14.8	-0.254	0.55
14.9	-0.249	0.553
15	-0.244	0.556
15.1	-0.239	0.559
15.2	-0.234	0.562
15.3	-0.229	0.565
15.4	-0.224	0.568
15.5	-0.219	0.571
15.6	-0.214	0.574
15.7	-0.209	0.577
15.8	-0.204	0.58
15.9	-0.199	0.583
16	-0.194	0.586
16.1	-0.189	0.589
16.2	-0.184	0.592
16.3	-0.179	0.595
16.4	-0.174	0.598
16.5	-0.169	0.601
16.6	-0.164	0.604
16.7	-0.159	0.607
16.8	-0.154	0.61
16.9	-0.149	0.613
17	-0.144	0.616
17.1	-0.139	0.619
17.2	-0.134	0.622
17.3	-0.129	0.625
17.4	-0.124	0.628
17.5	-0.119	0.631
17.6	-0.114	0.634
17.7	-0.109	0.637
17.8	-0.104	0.64
17.9	-0.099	0.643
18	-0.094	0.646
18.1	-0.089	0.649
18.2	-0.084	0.652
18.3	-0.079	0.655
18.4	-0.074	0.658
18.5	-0.069	0.661
18.6	-0.064	0.664
18.7	-0.059	0.667
18.8	-0.054	0.67
18.9	-0.049	0.673
19	-0.044	0.676
19.1	-0.039	0.679
19.2	-0.034	0.682
19.3	-0.029	0.685
19.4	-0.024	0.688
19.5	-0.019	0.691
19.6	-0.014	0.694
19.7	-0.009	0.697
19.8	-0.004	0.7
19.9	0.001	0.703
20	0.006	0.706
20.1	0.011	0.709
20.2	0.016	0.712
20.3	0.021	0.715
20.4	0.026	0.718
20.5	0.031	0.721
20.6	0.036	0.724
20.7	0.041	0.727
20.8	0.046	0.73
20.9	0.051	0.733
21	0.056	0.736
21.1	0.061	0.739
21.2	0.066	0.742
21.3	0.071	0.745
21.4	0.076	0.748
21.5	0.081	0.751
21.6	0.086	0.754
21.7	0.091	0.757
21.8	0.096	0.76
21.9	0.101	0.763
22	0.106	0.766
22.1	0.111	0.769
22.2	0.116	0.772
22.3	0.121	0.775
22.4	0.126	0.778
22.5	0.131	0.781
22.6	0.136	0.784
22.7	0.141	0.787
22.8	0.146	0.79
22.9	0.151	0.793
23	0.156	0.796
23.1	0.161	0.799
23.2	0.166	0.802
23.3	0.171	0.805
23.4	0.176	0.808
23.5	0.181	0.811
23.6	0.186	0.814
23.7	0.191	0.817
23.8	0.196	0.82
23.9	0.201	0.823
24	0.206	0.826
24.1	0.211	0.829
24.2	0.216	0.832
24.3	0.221	0.835
24.4	0.226	0.838
24.5	0.231	0.841
24.6	0.236	0.844
24.7	0.241	0.847
24.8	0.246	0.85
24.9	0.251	0.853
25	0.256	0.856
25.1	0.261	0.859
25.2	0.266	0.862
25.3	0.271	0.865
25.4	0.276	0.868
25.5	0.281	0.871
25.6	0.286	0.874
25.7	0.291	0.877
25.8	0.296	0.88
25.9	0.301	0.883
26	0.306	0.886
26.1	0.311	0.889
26.2	0.316	0.892
26.3	0.321	0.895
26.4	0.326	0.898
26.5	0.331	0.901
26.6	0.336	0.904
26.7	0.341	0.907
26.8	0.346	0.91
26.9	0.351	0.913
27	0.356	0.916
27.1	0.361	0.919
27.2	0.366	0.922
27.3	0.371	0.925
27.4	0.376	0.928
27.5	0.381	0.931
27.6	0.386	0.934
27.7	0.391	0.937
27.8	0.396	0.94
27.9	0.401	0.943
28	0.406	0.946
28.1	0.411	0.949
28.2	0.416	0.952
28.3	0.421	0.955
28.4	0.426	0.958
28.5	0.431	0.961
28.6	0.436	0.964
28.7	0.441	0.967
28.8	0.446	0.97
28.9	0.451	0.973
29	0.456	0.976
29.1	0.461	0.979
29.2	0.466	0.982
29.3	0.471	0.985
29.4	0.476	0.988
29.5	0.481	0.991
29.6	0.486	0.994
29.7	0.491	0.997
29.8	0.496	1
29.9	0.501	1.003
30	0.506	1.006
30.1	0.511	1.009
30.2	0.516	1.012
30.3	0.521	1.015
30.4	0.526	1.018
30.5	0.531	1.021
30.6	0.536	1.024
30.7	0.541	1.027
30.8	0.546	1.03
30.9	0.551	1.033
31	0.556	1.036
31.1	0.561	1.039
31.2	0.566	1.042
31.3	0.571	1.045
31.4	0.576	1.048
31.5	0.581	1.051
31.6	0.586	1.054
31.7	0.591	1.057
31.8	0.596	1.06
31.9	0.601	1.063
32	0.606	1.066
32.1	0.611	1.069
32.2	0.616	1.072
32.3	0.621	1.075
32.4	0.626	1.078
32.5	0.631	1.081
32.6	0.636	1.084
32.7	0.641	1.087
32.8	0.646	1.09
32.9	0.651	1.093
33	0.656	1.096
33.1	0.661	1.099
33.2	0.666	1.102
33.3	0.671	1.105
33.4	0.676	1.108
33.5	0.681	1.111
33.6	0.686	1.114
33.7	0.691	1.117
33.8	0.696	1.12
33.9	0.701	1.123
34	0.706	1.126
34.1	0.711	1.129
34.2	0.716	1.132
34.3	0.721	1.135
34.4	0.726	1.138
34.5	0.731	1.141
34.6	0.736	1.144
34.7	0.741	1.147
34.8	0.746	1.15
34.9	0.751	1.153
35	0.756	1.156
35.1	0.761	1.159
35.2	0.766	1.162
35.3	0.771	1.165
35.4	0.776	1.168
35.5	0.781	1.171
35.6	0.786	1.174
35.7	0.791	1.177
35.8	0.796	1.18
35.9	0.801	1.183
36	0.806	1.186
36.1	0.811	1.189
36.2	0.816	1.192
36.3	0.821	1.195
36.4	0.826	1.198
36.5	0.831	1.201
36.6	0.836	1.204
36.7	0.841	1.207
36.8	0.846	1.21
36.9	0.851	1.213
37	0.856	1.216
37.1	0.861	1.219
37.2	0.866	1.222
37.3	0.871	1.225
37.4	0.876	1.228
37.5	0.881	1.231
37.6	0.886	1.234
37.7	0.891	1.237
37.8	0.896	1.24
37.9	0.901	1.243
38	0.906	1.246
38.1	0.911	1.249
38.2	0.916	1.252
38.3	0.921	1.255
38.4	0.926	1.258
38.5	0.931	1.261
38.6	0.936	1.264
38.7	0.941	1.267
38.8	0.946	1.27
38.9	0.951	1.273
39	0.956	1.276
39.1	0.961	1.279
39.2	0.966	1.282
39.3	0.971	1.285
39.4	0.976	1.288
39.5	0.981	1.291
39.6	0.986	1.294
39.7	0.991	1.297
39.8	0.996	1.3
39.9	1.001	1.303
40	1.006	1.306
40.1	1.011	1.309
40.2	1.016	1.312
40.3	1.021	1.315
40.4	1.026	1.318
40.5	1.031	1.321
40.6	1.036	1.324
40.7	1.041	1.327
40.8	1.046	1.33
40.9	1.051	1.333
41	1.056	1.336
41.1	1.061	1.339
41.2	1.066	1.342
41.3	1.071	1.345
41.4	1.076	1.348
41.5	1.081	1.351
41.6	1.086	1.354
41.7	1.091	1.357
41.8	1.096	1.36
41.9	1.101	1.363
42	1.106	1.366
42.1	1.111	1.369
42.2	1.116	1.372
42.3	1.121	1.375
42.4	1.126	1.378
42.5	1.131	1.381
42.6	1.136	1.384
42.7	1.141	1.387
42.8	1.146	1.39
42.9	1.151	1.393
43	1.156	1.396
43.1	1.161	1.399
43.2	1.166	1.402
43.3	1.171	1.405
43.4	1.176	1.408
43.5	1.181	1.411
43.6	1.186	1.414
43.7	1.191	1.417
43.8	1.196	1.42
43.9	1.201	1.423
44	1.206	1.426
44.1	1.211	1.429
44.2	1.216	1.432
44.3	1.221	1.435
44.4	1.226	1.438
44.5	1.231	1.441
44.6	1.236	1.444
44.7	1.241	1.447
44.8	1.246	1.45
44.9	1.251	1.453
45	1.256	1.456
45.1	1.261	1.459
45.2	1.266	1.462
45.3	1.271	1.465
45.4	1.276	1.468
45.5	1.281	1.471
45.6	1.286	1.474
45.7	1.291	1.477
45.8	1.296	1.48
45.9	1.301	1.483
46	1.306	1.486
46.1	1.311	1.489
46.2	1.316	1.492
46.3	1.321	1.495
46.4	1.326	1.498
46.5	1.331	1.501
46.6	1.336	1.504
46.7	1.341	1.507
46.8	1.346	1.51
46.9	1.351	1.513
47	1.356	1.516
47.1	1.361	1.519
47.2	1.366	1.522
47.3	1.371	1.525
47.4	1.376	1.528
47.5	1.381	1.531
47.6	1.386	1.534
47.7	1.391	1.537
47.8	1.396	1.54
47.9	1.401	1.543
48	1.406	1.546
48.1	1.411	1.549
48.2	1.416	1.552
48.3	1.421	1.555
48.4	1.426	1.558
48.5	1.431	1.561
48.6	1.436	1.564
48.7	1.441	1.567
48.8	1.446	1.57
48.9	1.451	1.573
49	1.456	1.576
49.1	1.461	1.579
49.2	1.466	1.582
49.3	1.471	1.585
49.4	1.476	1.588
49.5	1.481	1.591
49.6	1.486	1.594
49.7	1.491	1.597
49.8	1.496	1.6
49.9	1.501	1.603
50	1.506	1.606
50.1	1.511	1.609
50.2	1.516	1.612
50.3	1.521	1.615
50.4	1.526	1.618
50.5	1.531	1.621
50.6	1.536	1.624
50.7	1.541	1.627
50.8	1.546	1.63
50.9	1.551	1.633
51	1.556	1.636
51.1	1.561	1.639
51.2	1.566	1.642
51.3	1.571	1.645
51.4	1.576	1.648
51.5	1.581	1.651
51.6	1.586	1.654
51.7	1.591	1.657
51.8	1.596	1.66
51.9	1.601	1.663
52	1.606	1.666
52.1	1.611	1.669
52.2	1.616	1.672
52.3	1.621	1.675
52.4	1.626	1.678
52.5	1.631	1.681
52.6	1.636	1.684
52.7	1.641	1.687
52.8	1.646	1.69
52.9	1.651	1.693
53	1.656	1.696
53.1	1.661	1.699
53.2	1.666	1.702
53.3	1.671	1.705
53.4	1.676	1.708
53.5	1.681	1.711
53.6	1.686	1.714
53.7	1.691	1.717
53.8	1.696	1.72
53.9	1.701	1.723
54	1.706	1.726
54.1	1.711	1.729
54.2	1.716	1.732
54.3	1.721	1.735
54.4	1.726	1.738
54.5	1.731	1.741
54.6	1.736	1.744
54.7	1.741	1.747
54.8	1.746	1.75
54.9	1.751	1.753
55	1.756	1.756
55.1	1.761	1.759
55.2	1.766	1.762
55.3	1.771	1.765
55.4	1.776	1.768
55.5	1.781	1.771
55.6	1.786	1.774
55.7	1.791	1.777
55.8	1.796	1.78
55.9	1.801	1.783
56	1.806	1.786
56.1	1.811	1.789
56.2	1.816	1.792
56.3	1.821	1.795
56.4	1.826	1.798
56.5	1.831	1.801
56.6	1.836	1.804
56.7	1.841	1.807
56.8	1.846	1.81
56.9	1.851	1.813
57	1.856	1.816
57.1	1.861	1.819
57.2	1.866	1.822
57.3	1.871	1.825
57.4	1.876	1.828
57.5	1.881	1.831
57.6	1.886	1.834
57.7	1.891	1.837
57.8	1.896	1.84
57.9	1.901	1.843
58	1.906	1.846
58.1	1.911	1.849
58.2	1.916	1.852
58.3	1.921	1.855
58.4	1.926	1.858
58.5	1.931	1.861
58.6	1.936	1.864
58.7	1.941	1.867
58.8	1.946	1.87
58.9	1.951	1.873
59	1.956	1.876
59.1	1.961	1.879
59.2	1.966	1.882
59.3	1.971	1.885
59.4	1.976	1.888
59.5	1.981	1.891
59.6	1.986	1.894
59.7	1.991	1.897
59.8	1.996	1.9
59.9	2.001	1.903
60	2.006	1.906
60.1	2.011	1.909
60.2	2.016	1.912
60.3	2.021	1.915
60.4	2.026	1.918
60.5	2.031	1.921
60.6	2.036	1.924
60.7	2.041	1.927
60.8	2.046	1.93
60.9	2.051	1.933
61	2.056	1.936
61.1	2.061	1.939
61.2	2.066	1.942
61.3	2.071	1.945
61.4	2.076	1.948
61.5	2.081	1.951
61.6	2.086	1.954
61.7	2.091	1.957
61.8	2.096	1.96
61.9	2.101	1.963
62	2.106	1.966
62.1	2.111	1.969
62.2	2.116	1.972
62.3	2.121	1.975
62.4	2.126	1.978
62.5	2.131	1.981
62.6	2.136	1.984
62.7	2.141	1.987
62.8	2.146	1.99
62.9	2.151	1.993
63	2.156	1.996
63.1	2.161	1.999
63.2	2.166	2.002
63.3	2.171	2.005
63.4	2.176	2.008
63.5	2.181	2.011
63.6	2.186	2.014
63.7	2.191	2.017
63.8	2.196	2.02
63.9	2.201	2.023
64	2.206	2.026
64.1	2.211	2.029
64.2	2.216	2.032
64.3	2.221	2.035
64.4	2.226	2.038
64.5	2.231	2.041
64.6	2.236	2.044
64.7	2.241	2.047
64.8	2.246	2.05
64.9	2.251	2.053
65	2.256	2.056
65.1	2.261	2.059
65.2	2.266	2.062
65.3	2.271	2.065
65.4	2.276	2.068
65.5	2.281	2.071
65.6	2.286	2.074
65.7	2.291	2.077
65.8	2.296	2.08
65.9	2.301	2.083
66	2.306	2.086
66.1	2.311	2.089
66.2	2.316	2.092
66.3	2.321	2.095
66.4	2.326	2.098
66.5	2.331	2.101
66.6	2.336	2.104
66.7	2.341	2.107
66.8	2.346	2.11
66.9	2.351	2.113
67	2.356	2.116
67.1	2.361	2.119
67.2	2.366	2.122
67.3	2.371	2.125
67.4	2.376	2.128
67.5	2.381	2.131
67.6	2.386	2.134
67.7	2.391	2.137
67.8	2.396	2.14
67.9	2.401	2.143
68	2.406	2.146
68.1	2.411	2.149
68.2	2.416	2.152
68.3	2.421	2.155
68.4	2.426	2.158
68.5	2.431	2.161
68.6	2.436	2.164
68.7	2.441	2.167
68.8	2.446	2.17
68.9	2.451	2.173
69	2.456	2.176
69.1	2.461	2.179
69.2	2.466	2.182
69.3	2.471	2.185
69.4	2.476	2.188
69.5	2.481	2.191
69.6	2.486	2.194
69.7	2.491	2.197
69.8	2.496	2.2
69.9	2.501	2.203
70	2.506	2.206
