GPA ACT Major
3.897 21   0
3.885 14   1
3.778 28   0
2.540 22   1
3.028 21   0
3.865 31   1
2.962 32   1
3.961 27   1
0.500 29   1
3.178 26   0
3.310 24   0
3.538 30   1
3.083 24   1
3.013 24   1
3.245 33   0
2.963 27   1
3.522 25   1
3.013 31   0
2.947 25   0
2.118 20   1
2.563 24   1
3.357 21   0
3.731 28   1
3.925 27   0
3.556 28   1
3.101 26   0
2.420 28   0
2.579 22   1
3.871 26   1
3.060 21   1
3.927 25   1
2.375 16   0
2.929 28   0
3.375 26   1
2.857 22   0
3.072 24   0
3.381 21   1
3.290 30   0
3.549 27   1
3.646 26   0
2.978 26   1
2.654 30   1
2.540 24   1
2.250 26   0
2.069 29   1
2.617 24   0
2.183 31   0
2.000 15   1
2.952 19   1
3.806 18   1
2.871 27   1
3.352 16   0
3.305 27   1
2.952 26   1
3.547 24   1
3.691 30   1
3.160 21   1
2.194 20   1
3.323 30   1
3.936 29   0
2.922 25   0
2.716 23   1
3.370 25   0
3.606 23   0
2.642 30   0
2.452 21   1
2.655 24   0
3.714 32   0
1.806 18   1
3.516 23   1
3.039 20   0
2.966 23   1
2.482 18   1
2.700 18   1
3.920 29   1
2.834 20   0
3.222 23   1
3.084 26   1
4.000 28   1
3.511 34   1
3.323 20   0
3.072 20   1
2.079 26   1
3.875 32   0
3.208 25   1
2.920 27   0
3.345 27   1
3.956 29   1
3.808 19   0
2.506 21   1
3.886 24   0
2.183 27   1
3.429 25   1
3.024 18   0
3.750 29   1
3.833 24   1
3.113 27   1
2.875 21   1
2.747 19   1
2.311 18   1
1.841 25   1
1.583 18   1
2.879 20   1
3.591 32   1
2.914 24   1
3.716 35   1
2.800 25   1
3.621 28   1
3.792 28   1
2.867 25   1
3.419 22   0
3.600 30   0
2.394 20   1
2.286 20   1
1.486 31   0
3.885 20   1
3.800 29   0
3.914 28   1
1.860 16   1
2.948 28   0

