ID[]    SEARCH[]  LOWER[]  FIRSTLAST[]   AGE[]
 1      NA        13         0         63
 1      NA         2         0         63
 1       9         0         0         63
 1      37         0         0         63
 1      NA         2         0         63
 1      NA         6         0         63
 1      NA        56         0         63
 1      NA         4         0         63
 1      NA         2         0         63
 1      NA         6         0         63
 1      NA        14         0         63
 1      NA         4         0         63
 1       7         0         0         63
 1       5         0         0         63
 1      NA         1         0         63
 1       5         0         0         63
 1      11         0         0         63
 1       4         0         0         63
 1      NA        31         0         63
 1      NA         4         1         63
 1      NA         8         1         63
 1      NA        18         1         63
 1      18         0         1         63
 1      NA        33         1         63
 1      NA         6         0         63
 1      NA        11         0         63
 1      44         0         0         63
 1      37         0         0         63
 1      NA        31         0         63
 1      46         0         0         63
 1      NA         1         0         63
 1      39         0         0         63
 1      NA        14         0         63
 1      NA        22         0         63
 2      NA         2         0         59
 2      44         0         0         59
 2      NA         5         0         59
 2      NA        41         0         59
 2      NA        11         0         59
 2      59         0         0         59
 2       2         0         0         59
 2       4         0         0         59
 2      NA        11         0         59
 3      44         0         0         56
 3      NA        20         0         56
 3      NA        60         0         56
 3       4         0         0         56
 3      29         0         0         56
 3      55         0         0         56
 3      NA         4         0         56
 3      NA         8         0         56
 3      NA       123         0         56
 3      NA         8         0         56
 3       2         0         0         56
 3      31         0         0         56
 3      17         0         0         56
 3      NA         3         0         56
 3      NA         2         0         55
 3      NA         5         0         55
 3      NA         2         0         55
 3      NA        19         0         55
 3      NA         3         0         55
 3       9         0         0         55
 3       7         0         0         55
 3      52         0         0         55
 3      NA        38         0         55
 3      NA         2         0         55
 3      NA        10         0         55
 3      NA        12         0         55
 4      NA        45         1         55
 4      NA        26         1         55
 4       9         0         1         55
 4      28         0         1         55
 4      NA        10         1         55
 4      NA         1         0         55
 4      NA         4         0         55
 4      NA         1         0         55
 4      NA         1         0         55
 4      NA        17         0         55
 4      NA         2         0         55
 4      NA         1         0         55
 4      NA         1         0         55
 4      NA         3         0         55
 4      NA         2         0         55
 4      NA         2         0         55
 4      NA         1         0         55
 4      NA         4         0         55
 4      NA         3         0         55
 4      NA         1         0         55
 4      NA         2         0         55
 4      NA        32         0         55
 4      NA        15         0         55
 4      NA        19         0         55
 4      NA         1         0         55
 4      17         0         0         55
 4      15         0         0         55
 4      NA         2         0         55
 4      NA         9         0         55
 4      NA        24         0         55
 4      NA        22         0         55
 4      NA        82         1         55
 4      NA         8         0         55
 4      21         0         0         55
 4      24         0         0         55
 4      NA       109         0         55
 4      13         0         0         55
 4      NA        26         0         55
 4      NA        62         0         55
 5      NA        28         0         51
 5      NA        26         0         51
 5      NA        20         0         51
 5      NA         3         0         51
 5      NA        10         0         51
 5      NA       204         0         51
 5      NA        40         0         51
 5      15         0         1         51
 5      NA         5         1         51
 5      NA        25         1         51
 5      39         0         1         51
 5      NA         1         1         51
 5      NA       108         0         51
 5      NA         9         0         51
 5      NA        17         0         51
 5      NA         4         1         51
 5      NA        14         1         51
 5      NA        19         0         50
 5       7         0         0         50
 5      NA         5         0         50
 5      NA        34         0         50
 6      NA         9         0         48
 6      NA        10         0         48
 6       5         0         0         48
 6      NA        25         0         48
 6      19         0         0         48
 6      NA        18         0         48
 7      NA         6         1         46
 7      14         0         1         46
 7      11         0         1         46
 7      59         0         1         46
 7      NA         3         1         46
 7       3         0         1         46
 7      15         0         1         46
 7       9         0         1         46
 7      50         0         1         46
 7      NA        26         1         46
 8      NA         1         1         40
 8       9         0         1         40
 8       3         0         1         40
 8      12         0         1         40
 8      44         0         1         40
 8       3         0         1         40
 8      NA        31         1         40
 8      NA         5         1         40
 8      NA        40         1         40
 8      25         0         1         40
 8      18         0         1         40
 8      23         0         1         40
 8      NA        12         1         40
 8      23         0         1         40
 8      NA        11         1         40
 8      NA        18         0         40
 8      NA        13         0         40
 8      NA         8         0         40
 8      NA        10         0         40
 8      10         0         0         40
 8      NA        33         0         40
 8      NA        23         0         40
 8      NA        25         0         40
 8      NA        12         0         40
 8      15         0         0         40
 8      NA        39         0         40
 8      NA        12         0         40
 8       7         0         0         40
 8      NA        19         0         40
 8      14         0         0         40
 8      16         0         0         40
 8       2         0         0         40
 8      26         0         0         40
 8      NA        17         0         40
 9     150         0         0         37
 9      NA        72         0         37
 9      NA        57         0         37
10      NA        17         0         35
10      NA        11         0         35
10      NA        22         0         35
10       2         0         0         35
10      NA        61         0         35
10      NA        13         0         35
10      NA         6         0         35
10      NA         5         0         35
10      NA         8         0         35
10       4         0         0         35
10      NA        11         0         35
10      NA         3         0         35
10      NA         6         0         35
10      NA        34         0         35
10      NA         2         0         35
10      NA        29         0         35
10      NA        13         0         35
10      11         0         0         35
10      NA        14         0         35
10      NA         1         0         35
10      NA         4         0         35
10      NA         1         0         35
10      NA         1         0         35
10      NA         1         0         35
10      NA         9         0         35
10      NA        78         0         35
10       8         0         0         35
10      10         0         0         35
10      12         0         0         35
10      13         0         0         35
10      18         0         0         35
10      NA        30         0         35
10      NA        13         0         35
10      NA        19         0         35
10      NA        23         0         35
10      NA        16         0         35
10      12         0         0         35
10      29         0         0         35
10      NA         4         0         35
10      18         0         0         35
10      NA        59         0         35
10      NA        25         0         35
10      NA        11         1         35
10      NA        11         1         35
10      NA        12         1         35
11      NA         6         1         33
11      NA         2         1         33
11      NA         8         1         33
11     117         0         1         33
11      NA        60         1         33
11      31         0         1         33
11      NA        38         1         33
11      NA        92         1         33
11      NA        19         1         33
11      NA        37         0         33
11      23         0         0         33
11      26         0         0         33
11      23         0         0         33
11      NA        89         0         33
11      NA         4         1         33
11      NA        25         1         33
11      40         0         1         33
11      NA        24         1         33
11      NA       120         1         33
11      NA        61         0         33
11       2         0         0         33
11      NA        18         0         33
11      31         0         0         33
11      NA        14         0         33
11      NA        16         0         33
11      13         0         0         33
11      NA        32         0         33
11      NA         1         0         33
11      NA         4         0         33
11      NA        81         0         33
11      42         0         0         33
11      16         0         0         33
11      59         0         0         33
11      NA       119         0         33
11      NA        36         0         33
11      NA         8         0         33
11      28         0         0         33
11      NA        29         0         33
12      NA         4         1         32
12      NA         1         1         32
12      NA         3         1         32
12      NA        38         1         32
12      NA        23         1         32
12       6         0         1         32
12      22         0         1         32
12      NA         4         1         32
12       2         0         1         32
12      NA         3         1         32
12      18         0         1         32
12      18         0         1         32
12      NA         7         1         32
12       4         0         1         32
12       6         0         1         32
12      NA        15         1         32
13      NA         8         1         32
13      NA         4         1         32
13      NA        40         1         32
13      NA         3         1         32
13      NA        30         1         32
14      NA         8         0         56
14      NA         1         0         56
14      NA         3         0         56
14      NA         1         0         56
14      NA         1         0         56
14      NA         9         0         56
14      NA         3         0         56
14      NA         1         0         56
14      NA         8         0         56
14      NA         8         0         56
14      NA         3         0         56
14      NA         8         0         56
14      NA         5         0         56
14      NA         3         0         56
14      NA         1         0         56
14      NA         4         0         56
14      NA         1         0         56
14      NA         1         0         56
14      NA         1         0         56
14      NA         2         0         56
14      NA         1         0         56
14      NA         1         0         56
14      NA         2         0         56
14      NA         2         0         56
14      NA         1         0         56
14      NA         1         0         56
14      NA         9         0         56
14      NA         3         0         56
14      NA         5         0         56
14      NA         3         0         56
14      NA        26         0         56
14      NA        28         0         56
14      NA         1         0         56
14      NA         1         0         56
14      NA         1         0         56
14      NA         6         0         56
14      11         0         0         56
14       9         0         0         56
END
