
ID	Sex	momheight	dadheight	Height	Y-Hat	Std.DelRes.	Hii	DFFIT	COOKSD
1	Female	66.00	71.00	66.0	65.8561	0.06183	0.016261	0.00795	0.000016
2	Female	62.00	68.00	64.0	63.6190	0.16345	0.012641	0.01849	0.000086
3	Male	64.00	65.00	72.0	68.0501	1.71646	0.020512	0.24839	0.015242
4	Male	62.00	74.00	68.0	71.4752	-1.51450	0.029999	-0.26634	0.017594
5	Male	59.00	70.00	68.0	69.0400	-0.45031	0.029887	-0.07904	0.001570
6	Female	65.00	70.00	64.0	65.1886	-0.51037	0.013128	-0.05887	0.000870
7	Male	60.00	68.00	68.5	68.4093	0.03907	0.021322	0.00577	0.000008
8	Female	66.00	76.00	69.0	68.0198	0.42463	0.030964	0.07590	0.001448
9	Female	63.00	70.00	66.0	64.7192	0.54952	0.011323	0.05881	0.000868
10	Male	68.00	71.00	70.0	71.5854	-0.68582	0.026440	-0.11302	0.003204
11	Male	63.00	66.00	67.0	68.2481	-0.53685	0.016509	-0.06955	0.001215
12	Female	61.00	68.00	63.0	63.3842	-0.16497	0.014629	-0.02010	0.000102
13	Male	62.00	64.00	68.0	67.1479	0.36762	0.023249	0.05672	0.000808
14	Female	64.00	69.00	68.0	64.5212	1.50184	0.011725	0.16359	0.006639
15	Male	61.00	72.00	68.0	70.3750	-1.02844	0.024974	-0.16459	0.006770
16	Male	62.00	62.00	61.0	66.2824	-2.32780	0.033132	-0.43091	0.045188
17	Female	62.00	66.00	65.0	62.7535	0.96826	0.016510	0.12545	0.003936
18	Female	70.00	73.00	64.0	67.6606	-1.60640	0.041688	-0.33505	0.027793
19	Female	70.00	75.00	65.0	68.5260	-1.55008	0.046085	-0.34071	0.028771
20	Male	62.00	69.00	71.0	69.3115	0.72624	0.014923	0.08939	0.002003
21	Male	54.00	68.00	68.0	67.0008	0.44296	0.074698	0.12586	0.003980
22	Female	63.00	70.00	66.0	64.7192	0.54952	0.011323	0.05881	0.000868
23	Male	64.00	74.00	77.0	71.9447	2.21543	0.025357	0.35734	0.031171
24	Female	68.00	69.00	68.0	65.4601	1.10193	0.027733	0.18610	0.008647
25	Male	59.00	60.00	64.0	64.7127	-0.31199	0.051507	-0.07270	0.001329
26	Male	64.00	66.00	67.0	68.4828	-0.63832	0.017306	-0.08471	0.001800
27	Male	68.00	73.00	75.0	72.4509	1.10715	0.029777	0.19396	0.009392
28	Male	67.00	71.00	72.0	71.3507	0.27983	0.021562	0.04154	0.000434
29	Male	66.00	68.00	68.0	69.8178	-0.78339	0.018282	-0.10690	0.002864
30	Male	62.00	70.00	72.0	69.7442	0.97205	0.016066	0.12421	0.003858
31	Female	60.00	77.00	66.0	67.0440	-0.45739	0.052387	-0.10754	0.002906
32	Female	61.00	65.00	60.0	62.0860	-0.90077	0.020929	-0.13170	0.004341
33	Female	59.00	62.00	60.0	60.3183	-0.13850	0.040195	-0.02834	0.000202
34	Female	62.00	63.00	60.0	61.4553	-0.63032	0.029334	-0.10958	0.003013
35	Male	60.00	64.00	66.0	66.6784	-0.29325	0.027435	-0.04925	0.000610
36	Male	64.00	67.00	75.0	68.9156	2.67011	0.015036	0.32990	0.026217
37	Male	64.00	69.00	69.0	69.7810	-0.33522	0.013304	-0.03893	0.000381
38	Male	60.00	67.00	73.0	67.9766	2.19648	0.021446	0.32517	0.025824
39	Male	60.00	65.00	70.0	67.1111	1.25266	0.024503	0.19853	0.009819
40	Female	60.00	72.00	64.0	64.8804	-0.37996	0.023930	-0.05949	0.000890
41	Female	62.00	74.00	70.0	66.2153	1.64598	0.023502	0.25535	0.016131
42	Female	61.00	70.00	64.0	64.2497	-0.10722	0.015110	-0.01328	0.000044
43	Female	61.00	70.00	63.0	64.2497	-0.53715	0.015110	-0.06653	0.001112
44	Female	60.00	67.00	61.0	62.7167	-0.73992	0.018877	-0.10263	0.002641
45	Female	65.00	68.00	69.0	64.3232	2.03407	0.015067	0.25158	0.015523
46	Male	67.00	73.00	73.0	72.2162	0.33853	0.025504	0.05477	0.000754
47	Female	64.00	65.00	63.0	62.7903	0.09039	0.021882	0.01352	0.000046
48	Male	60.00	64.00	70.0	66.6784	1.44476	0.027435	0.24266	0.014622
49	Male	64.00	68.00	70.0	69.3483	0.27975	0.013702	0.03297	0.000273
50	Male	63.00	65.00	69.0	67.8153	0.51028	0.019413	0.07180	0.001295
51	Male	66.00	72.00	76.0	71.5487	1.93851	0.019887	0.27613	0.018743
52	Female	66.00	66.00	66.0	63.6925	0.99905	0.024961	0.15985	0.006388
53	Female	64.00	70.00	65.0	64.9539	0.01976	0.011526	0.00213	0.000001
54	Female	62.00	68.00	64.0	63.6190	0.16345	0.012641	0.01849	0.000086
55	Female	64.00	73.00	66.0	66.2521	-0.10834	0.016546	-0.01405	0.000050
56	Female	61.00	67.00	65.0	62.9515	0.88217	0.015793	0.11175	0.003126
57	Female	60.00	67.00	63.0	62.7167	0.12189	0.018877	0.01691	0.000072
58	Female	64.00	74.00	63.0	66.6848	-1.59902	0.020092	-0.22896	0.012981
59	Female	62.00	75.00	65.0	66.6481	-0.71378	0.028588	-0.12245	0.003760
60	Female	64.00	70.00	66.0	64.9539	0.44872	0.011526	0.04845	0.000590
61	Female	64.00	70.00	67.0	64.9539	0.87921	0.011526	0.09494	0.002257
62	Male	60.00	67.00	69.0	67.9766	0.44120	0.021446	0.06532	0.001072
63	Female	69.00	69.00	67.5	65.6949	0.78474	0.035230	0.14996	0.005635
64	Female	60.00	60.00	62.0	59.6876	1.01495	0.051118	0.23557	0.013871
65	Male	65.00	66.00	68.0	68.7176	-0.30894	0.019502	-0.04357	0.000477
66	Female	63.00	74.00	64.0	66.4501	-1.05907	0.021097	-0.15548	0.006039
67	Female	62.00	68.00	63.0	63.6190	-0.26554	0.012641	-0.03005	0.000227
68	Female	62.00	69.00	64.0	64.0517	-0.02216	0.012111	-0.00245	0.000002
69	Female	58.00	74.00	63.0	65.2763	-0.99692	0.047101	-0.22164	0.012282
70	Male	65.00	68.00	69.0	69.5830	-0.25045	0.015293	-0.03121	0.000245
71	Male	67.00	72.00	73.0	71.7834	0.52503	0.023065	0.08067	0.001634
72	Male	60.00	65.00	66.0	67.1111	-0.47981	0.024503	-0.07604	0.001453
73	Female	65.00	71.50	62.5	65.8377	-1.44191	0.014132	-0.17263	0.007401
74	Female	64.00	72.00	65.0	65.8194	-0.35180	0.013937	-0.04182	0.000440
75	Female	63.00	74.00	66.5	66.4501	0.02151	0.021097	0.00316	0.000003
76	Male	60.00	67.00	67.0	67.9766	-0.42098	0.021446	-0.06232	0.000976
77	Male	61.00	65.00	68.0	67.3459	0.28189	0.021408	0.04169	0.000437
78	Female	66.00	72.00	69.5	66.2888	1.38884	0.017329	0.18443	0.008455
79	Male	64.00	72.00	71.0	71.0792	-0.03406	0.017727	-0.00458	0.000005
80	Female	60.00	67.00	63.5	62.7167	0.33714	0.018877	0.04676	0.000550
81	Male	64.00	68.00	73.0	69.3483	1.57921	0.013702	0.18614	0.008583
82	Female	64.00	74.00	69.0	66.6848	0.99988	0.020092	0.14317	0.005125
83	Male	62.00	74.75	70.5	71.7997	-0.56423	0.034279	-0.10630	0.002837
84	Male	63.00	70.00	70.0	69.9790	0.00902	0.014255	0.00108	0.000000
85	Male	64.00	64.00	66.0	67.6174	-0.69903	0.024655	-0.11114	0.003098
86	Male	66.00	55.00	65.0	64.1923	0.36639	0.116502	0.13305	0.004449
87	Female	63.00	72.00	67.0	65.5846	0.60830	0.014338	0.07337	0.001351
88	Female	66.00	70.00	67.0	65.4234	0.67840	0.016129	0.08686	0.001892
89	Male	64.00	70.00	70.0	70.2137	-0.09173	0.013843	-0.01087	0.000030
90	Female	69.00	66.00	67.0	64.3967	1.14051	0.045980	0.25038	0.015644
91	Male	64.00	65.00	65.0	68.0501	-1.32057	0.020512	-0.19110	0.009088
92	Male	67.00	71.00	70.0	71.3507	-0.58258	0.021562	-0.08648	0.001877
93	Male	66.00	74.00	72.0	72.4141	-0.17889	0.026307	-0.02940	0.000217
94	Male	64.00	68.00	69.0	69.3483	-0.14947	0.013702	-0.01762	0.000078
95	Male	57.00	68.00	70.0	67.7051	1.00226	0.041718	0.20912	0.010933
96	Male	69.25	69.00	70.0	71.0134	-0.44009	0.035666	-0.08464	0.001800
97	Female	65.00	68.00	67.0	64.3232	1.15428	0.015067	0.14277	0.005085
98	Male	66.00	69.00	71.0	70.2505	0.32233	0.017279	0.04274	0.000459
99	Female	63.00	71.00	67.0	65.1519	0.79412	0.012362	0.08885	0.001978
100	Female	60.00	69.00	63.0	63.5822	-0.25045	0.018090	-0.03399	0.000291
101	Female	61.00	67.00	63.0	62.9515	0.02084	0.015793	0.00264	0.000002
102	Female	60.00	66.00	60.0	62.2840	-0.98662	0.020674	-0.14335	0.005138
103	Male	60.00	65.00	64.0	67.1111	-1.35007	0.024503	-0.21397	0.011388
104	Male	65.00	64.00	63.0	67.8521	-2.12617	0.027455	-0.35723	0.031225
105	Male	61.00	61.00	66.0	65.6149	0.16750	0.039964	0.03418	0.000294
106	Male	63.00	70.00	71.0	69.9790	0.43854	0.014255	0.05274	0.000699
107	Male	65.00	69.00	70.0	70.0158	-0.00676	0.014593	-0.00082	0.000000
108	Female	68.00	75.00	63.0	68.0565	-2.22535	0.033322	-0.41316	0.041659
109	Female	62.00	71.00	65.5	64.9171	0.25020	0.013859	0.02966	0.000221
110	Female	63.00	72.00	66.0	65.5846	0.17834	0.014338	0.02151	0.000116
111	Male	67.00	74.00	72.0	72.6489	-0.28070	0.028879	-0.04841	0.000589
112	Female	67.00	70.00	68.0	65.6581	1.01170	0.020527	0.14646	0.005362
113	Female	62.00	67.00	65.0	63.1862	0.78000	0.014108	0.09331	0.002182
114	Female	63.50	69.00	65.0	64.4038	0.25560	0.011298	0.02732	0.000188
115	Female	67.00	70.00	66.0	65.6581	0.14723	0.020527	0.02131	0.000114
116	Female	63.00	69.00	62.0	64.2864	-0.98291	0.011219	-0.10470	0.002741
117	Female	65.00	68.00	66.0	64.3232	0.72126	0.015067	0.08921	0.001995
118	Female	64.00	71.00	67.0	65.3866	0.69290	0.012264	0.07721	0.001495
119	Female	61.00	70.00	63.0	64.2497	-0.53715	0.015110	-0.06653	0.001112
120	Male	64.00	71.00	69.0	70.6465	-0.70825	0.015317	-0.08833	0.001957
121	Female	60.00	69.00	66.0	63.5822	1.04342	0.018090	0.14162	0.005012
122	Male	60.00	78.00	70.0	72.7366	-1.21598	0.071565	-0.33760	0.028410
123	Male	80.00	66.00	68.0	72.2387	-2.07290	0.220220	-1.10159	0.297326
124	Female	62.00	71.00	67.0	64.9171	0.89615	0.013859	0.10624	0.002825
125	Female	63.00	69.00	61.0	64.2864	-1.41734	0.011219	-0.15098	0.005663
126	Female	60.00	68.00	62.0	63.1495	-0.49474	0.018015	-0.06701	0.001128
127	Male	61.00	63.00	65.0	66.4804	-0.64105	0.028814	-0.11042	0.003059
128	Female	62.00	63.00	63.5	61.4553	0.88666	0.029334	0.15414	0.005947
129	Female	62.00	65.00	61.0	62.3208	-0.56915	0.019849	-0.08099	0.001647
130	Female	61.00	63.00	64.0	61.2206	1.20808	0.029810	0.21176	0.011179
131	Male	61.00	66.00	57.0	67.7786	-4.98319	0.019109	-0.69553	0.105431
132	Male	62.00	72.00	69.0	70.6097	-0.69446	0.021160	-0.10211	0.002615
133	Female	65.00	69.00	61.0	64.7559	-1.62494	0.013630	-0.19101	0.009030
134	Male	64.00	72.00	76.0	71.0792	2.14612	0.017727	0.28831	0.020328
135	Male	62.00	69.00	69.0	69.3115	-0.13378	0.014923	-0.01647	0.000068
136	Male	66.00	72.00	72.5	71.5487	0.40975	0.019887	0.05837	0.000856
137	Male	62.00	68.00	69.0	68.8788	0.05204	0.014716	0.00636	0.000010
138	Male	71.00	76.00	77.0	74.4533	1.12404	0.060291	0.28472	0.020233
139	Male	63.00	77.00	75.0	73.0081	0.87137	0.046351	0.19211	0.009240
140	Female	64.00	68.00	61.0	64.0884	-1.33211	0.012861	-0.15205	0.005752
141	Female	61.00	72.00	63.0	65.1151	-0.91265	0.019335	-0.12815	0.004110
142	Female	62.00	72.00	62.0	65.3499	-1.44871	0.016137	-0.18554	0.008548
143	Female	64.00	74.00	64.0	66.6848	-1.16075	0.020092	-0.16621	0.006892
144	Female	62.00	68.00	64.0	63.6190	0.16345	0.012641	0.01849	0.000086
145	Male	67.00	73.00	72.0	72.2162	-0.09333	0.025504	-0.01510	0.000057
146	Female	66.00	73.00	65.0	66.7216	-0.74219	0.019334	-0.10421	0.002723
147	Female	61.00	67.00	64.0	62.9515	0.45073	0.015793	0.05710	0.000819
148	Female	60.00	64.00	59.0	61.4185	-1.04858	0.027078	-0.17493	0.007646
149	Female	67.00	68.00	65.0	64.7927	0.08943	0.023676	0.01393	0.000049
150	Female	65.00	68.00	63.0	64.3232	-0.56880	0.015067	-0.07035	0.001243
151	Male	66.00	70.00	71.0	70.6832	0.13619	0.017212	0.01802	0.000082
152	Female	62.00	66.50	64.5	62.9699	0.65803	0.015192	0.08173	0.001676
153	Female	63.00	71.00	64.0	65.1519	-0.49436	0.012362	-0.05531	0.000768
154	Male	63.00	74.00	72.0	71.7099	0.12534	0.026979	0.02087	0.000110
155	Male	63.00	68.00	68.0	69.1135	-0.47816	0.013510	-0.05596	0.000787
156	Male	64.00	67.00	69.0	68.9156	0.03627	0.015036	0.00448	0.000005
157	Female	62.00	76.00	70.0	67.0808	1.27262	0.034611	0.24096	0.014460
158	Female	61.00	65.00	60.0	62.0860	-0.90077	0.020929	-0.13170	0.004341
159	Female	68.00	73.00	69.0	67.1911	0.78336	0.027714	0.13226	0.004383
160	Male	62.00	70.00	66.0	69.7442	-1.62184	0.016066	-0.20724	0.010630
161	Female	63.00	68.00	62.0	63.8537	-0.79641	0.012052	-0.08796	0.001939
162	Female	69.00	72.00	65.0	66.9931	-0.86578	0.032905	-0.15970	0.006386
163	Male	65.00	71.00	72.0	70.8812	0.48103	0.016000	0.06134	0.000945
164	Male	68.00	74.00	75.0	72.8836	0.91958	0.032850	0.16948	0.007187
165	Male	60.00	74.00	72.0	71.0057	0.43282	0.040235	0.08862	0.001973

