'Duration','Timenext'
,80
4,71
2.2,57
,80
,75
,55
,60
4.4,86
4.3,77
2,56
4.8,81
1.8,50
5.5,89
1.6,54
4.9,90
4.4,73
1.8,60
4.7,83
,65
4.8,82
4.2,84
1.9,54
5,85
,58
,79
,57
,88
2.8,68
4.5,76
4.1,78
3.7,74
3.5,85
4.5,75
2.2,65
4.9,76
2.6,58
4.2,91
2.2,50
4.8,87
1.8,48
4.6,93
2.3,54
4.1,86
,53
,78
,52
,83
1.9,60
4.3,87
2.1,49
4.5,80
2.2,60
4,92
1.8,43
4.3,89
2.2,60
4.5,84
3.9,69
3.3,74
3.7,71
4,108
1.9,50
5.3,77
,57
,80
,61
,82
,48
,81
3.5,73
2.2,62
4.5,79
2,54
4.2,80
4.2,73
4.3,81
1.9,62
4.7,81
3.8,71
4,79
4.2,81
4.7,74
1.8,59
,81
,66
,87
,53
4.5,80
2.1,50
4.3,87
1.9,51
4.7,82
1.7,58
4.4,81
1.8,49
4.6,92
1.9,50
4.5,88
1.6,62
5,93
1.8,56
5.1,89
1.6,51
4.3,79
,58
,82
,52
4.5,88
2,52
,78
2.9,69
4.7,75
3.9,77
2,53
4.1,80
1.8,55
4.7,87
1.8,53
4.7,85
2.1,61
4.8,93
1.8,54
4.1,76
4.7,80
,81
,59
,86
,78
4.2,71
4.1,77
3.9,76
3.8,94
4.4,75
2.5,50
4.2,83
3.8,82
4.3,72
3.9,77
4.7,75
1.7,65
5,79
4.3,72
4.6,78
,77
,79
,75
,78
2,64
4.6,80
.8,49
4.9,88
1.7,54
4.6,85
1.7,51
4.8,96
1.8,50
4.5,80
1.9,78
4.5,81
4.5,72
4,75
4.8,78
,87
,69
,55
,83
1.9,49
4.6,82
2,57
3.7,84
2.9,57
4.8,84
3.4,73
4.4,78
1.8,57
4.4,79
2.5,57
4.5,90
2.1,62
4.3,87
4.3,78
1.8,52
4.9,98
1.8,48
,78
,79
,65
3.9,84
1.9,50
4.7,83
2,60
4.5,80
1.9,50
4.2,88
1.9,50
4.3,84
3.3,74
4.2,76
1.9,65
5,89
1.9,49
4,88
2,51
4.8,78
,85
,65
,75
,77
2.4,69
4.4,92
4.2,68
4.4,87
2,61
4.5,81
1.8,55
4.5,93
1.6,53
4.7,84
2.6,70
3.7,73
4.2,93
1.9,50
4.4,87
,77
,74
,72
4.2,82
4,74
4.1,80
1.9,49
4.5,91
2,53
4.2,86
1.7,49
4.5,79
4.3,89
4,87
4.4,76
2,59
4.5,80
4.3,89
1.9,45
4.4,93
,72
,71
,54
,79
3.3,74
1.8,65
4.6,78
1.8,57
4.6,87
4.6,72
4.5,84
1.9,47
5,84
2,57
4.3,87
4.2,68
4.5,86
4.4,75
4.6,73
,53
,82
,93
3.9,77
,54
4.5,96
1.8,48
4,89
2.8,63
4.7,84
4,76
2,62
5,83
1.9,50
4.8,85
,78
,78
,81
,78
,76
,74
,81
,66
,84
1.9,48
4.3,93
1.7,47
4.8,87
2,51
4.7,78
1.9,54
4.4,87
2.1,52
,88
,79
4.1,85
2.1,58
