g   a    t      left
0   56   730    0
0   70   NA     1980
0   56   260    0
0   54   NA     1883
0   74   1194   0
0   65   NA     1624
0   60   967    0
0   66   NA     1779
0   74   643    0
0   63   NA     1645
0   39   749    0
0   64   882    0
0   65   164    0
0   71   1221   0
0   47   523    0
0   75   201    0
0   66   288    0
0   57   NA     1123
0   67   442    0
0   56   NA     1133
0   57   NA     1204
0   49   429    0
0   74   470    0
0   65   667    0
0   62   NA     1110
0   66   622    0
0   68   NA     980
0   57   935    0
0   79   152    0
0   55   552    0
0   52   256    0
0   52   988    0
0   52   311    0
0   51   NA     1843
0   68   455    0
0   59   315    0
0   50   624    0
0   69   473    0
0   71   354    0
0   55   893    0
0   64   577    0
0   55   441    0
0   69   478    0
0   57   NA     1433
0   64   1043   0
0   47   465    0
0   68   524    0
0   55   529    0
0   53   490    0
0   62   755    0
0   64   1008   0
0   62   525    0
0   59   220    0
0   65   464    0
0   58   NA     1102
0   72   938    0
0   63   597    0
0   53   476    0
0   69   251    0
0   71   539    0
0   52   NA     746
0   54   NA     835
1   72   1225   0
1   55   556    0
1   68   170    0
1   60   174    0
1   58   219    0
1   62   241    0
1   72   394    0
1   64   731    0
1   72   395    0
1   58   687    0
1   67   230    0
1   75   209    0
1   55   703    0
1   72   799    0
1   58   1315   0
1   72   265    0
1   60   199    0
1   62   426    0
1   59   340    0
1   68   488    0
1   66   292    0
1   59   426    0
1   54   305    0
1   68   NA     1005
1   63   382    0
1   77   325    0
1   52   NA     916
1   73   172    0
1   78   339    0
1   65   371    0
1   60   511    0
1   44   372    0
1   60   NA     1820
1   68   728    0
1   70   613    0
1   36   352    0
1   51   343    0
1   57   1232   0
1   65   232    0
1   68   428    0
1   42   NA     1573
1   68   NA     1457
1   65   398    0
1   70   166    0
1   56   364    0
1   72   789    0
1   63   83     0
1   45   757    0
1   69   329    0
1   56   NA     1120
1   61   181    0
1   67   490    0
1   72   285    0
1   59   NA     1043
1   65   435    0
1   58   NA     897
1   79   440    0
1   71   251    0
1   63   254    0
