ID	y
1	22.8
1	17.6
1	11.6
1	7
1	8.78
1	6.6
2	3.14
2	14
2	7.13
2	3.66
2	1.992
2	7.46
3	12.7
3	5.63
3	6.4
3	4.14
3	5.3
3	0.784
4	48.2
4	20.1
4	6.21
4	6.26
4	8.12
4	4.06
5	3.09
5	4.21
5	3.14
5	3.04
5	0.656
5	3.04
6	26.7
6	14.8
6	11.8
6	23.8
6	30.6
6	12.14
7	1.31
7	1.31
7	1.8
7	10.86
7	3.38
7	5.44
8	30.2
8	29.3
8	12.5
8	17.36
8	9.06
8	11.88
9	1.87
9	37.5
9	3.86
9	7.94
9	0.402
9	4.48
10	2.72
10	1.87
10	1.87
10	3.66
10	4.06
10	19.48
11	36.9
11	81.3
11	25.1
11	38.8
11	59.4
11	16.8
12	24
12	13.5
12	24.2
12	20.6
12	14.86
12	6.66
13	3.14
13	1.87
13	0.772
13	2.67
13	1.87
13	0.289
14	11.78
14	8.32
14	17.68
14	4.47
14	4.47
14	5.88
15	2.62
15	1.834
15	0.1644
15	0.489
15	1.87
15	4.88
16	1.092
16	1.91
16	1.782
16	1.71
16	4.01
16	4.31
17	37.2
17	19.54
17	11.26
17	8.05
17	7.18
17	29
18	0.214
18	7.58
18	10.5
18	5.38
18	25.9
18	26.9
19	1.87
19	2.22
19	0.64
19	0.887
19	1.87
19	1.87
20	2.88
20	3.7
20	0.64
20	1.15
20	1.96
20	9.43
21	9.06
21	17.8
21	1.91
21	5.77
21	13.3
21	7.85
22	29.6
22	10.54
22	12.6
22	9.77
22	0.108
22	6.86
23	10.1
23	3.42
23	14.58
23	3.18
23	1.83
23	3.3
24	6.5
24	1.962
24	5.42
24	3.37
24	5.04
24	2.21
25	2.56
25	3.24
25	1.284
25	1.87
25	1.87
25	6.69
26	0.581
26	2.14
26	3.77
26	7.3
26	4.82
26	1.28
27	1.51
27	1.51
27	0.799
27	1.83
27	0.48
27	7.3
28	11.2
28	3.56
28	29
28	3.42
28	15.9
28	4.99
29	8.86
29	3.09
29	26.1
29	1.67
29	3.83
29	2.67
30	1.51
30	2.29
30	1.45
30	1.67
30	3.96
30	1.67