Run	Ch	Cl	Spd	P	RA	Spn	H1	H2	H3	y
1	0	0	0	0	0	0	1	0	0	137
2	0	0	0	1	1	1	1	0	0	89
3	0	0	1	0	1	0	1	0	0	56
4	0	0	1	1	0	0	1	0	0	545
4	0	0	1	1	0	0	1	0	0	122
4	0	0	1	1	0	1	1	0	0	74
5	0	1	0	0	1	0	1	0	0	428
6	0	1	0	1	0	1	1	0	0	352
7	0	1	1	0	0	0	1	0	0	320
8	0	1	1	1	1	1	0	1	0	632
9	1	0	0	0	1	1	0	1	0	44
10	1	0	0	1	0	1	0	1	0	2
11	1	0	1	0	0	1	0	1	0	112
12	1	0	1	1	1	1	0	1	0	59
13	1	1	0	0	0	1	0	1	0	40
14	1	1	0	1	1	1	0	1	0	21
15	1	1	1	0	1	1	0	1	0	14
15	1	1	1	0	1	1	0	0	1	168
16	1	1	1	1	0	1	0	0	1	70
1	0	0	0	0	0	0	1	0	0	24
2	0	0	0	1	1	1	1	0	0	41
3	0	0	1	0	1	0	1	0	0	34
4	0	0	1	1	0	0	1	0	0	105
4	0	0	1	1	0	0	1	0	0	132
4	0	0	1	1	0	1	1	0	0	66
5	0	1	0	0	1	0	1	0	0	157
6	0	1	0	1	0	1	1	0	0	68
7	0	1	1	0	0	0	1	0	0	750
8	0	1	1	1	1	1	0	1	0	73
9	1	0	0	0	1	1	0	1	0	41
10	1	0	0	1	0	1	0	1	0	3
11	1	0	1	0	0	1	0	1	0	64
12	1	0	1	1	1	1	0	1	0	45
13	1	1	0	0	0	1	0	1	0	7
14	1	1	0	1	1	1	0	1	0	42
15	1	1	1	0	1	1	0	1	0	19
15	1	1	1	0	1	1	0	0	1	34
16	1	1	1	1	0	1	0	0	1	57
1	0	0	0	0	0	0	1	0	0	58
2	0	0	0	1	1	1	1	0	0	26
3	0	0	1	0	1	0	1	0	0	199
4	0	0	1	1	0	0	1	0	0	106
4	0	0	1	1	0	0	1	0	0	168
4	0	0	1	1	0	1	1	0	0	49
5	0	1	0	0	1	0	1	0	0	188
6	0	1	0	1	0	1	1	0	0	97
7	0	1	1	0	0	0	1	0	0	988
8	0	1	1	1	1	1	0	1	0	529
9	1	0	0	0	1	1	0	1	0	7
10	1	0	0	1	0	1	0	1	0	4
11	1	0	1	0	0	1	0	1	0	59
12	1	0	1	1	1	1	0	1	0	9
13	1	1	0	0	0	1	0	1	0	32
14	1	1	0	1	1	1	0	1	0	120
15	1	1	1	0	1	1	0	1	0	28
15	1	1	1	0	1	1	0	0	1	58
16	1	1	1	1	0	1	0	0	1	18
