chr1	40236388	40236685	298	164	41	557.97	166.37	0
chr1	72340498	72340818	321	141	48	558	139.67	0
chr1	91610649	91611039	391	266	33	383.89	89.58	0
chr1	182151027	182151482	456	96	49	369.27	55.46	0
chr10	60929611	60929906	296	184	48	573.68	87.12	0
chr10	61197075	61197414	340	124	57	628.09	108.78	0
chr10	93006003	93006260	258	153	41	623.93	199.96	0
chr11	4103750	4103954	205	86	32	402.22	98.11	0
chr11	59850352	59850678	327	172	43	496.18	96.25	0
chr11	75474962	75475168	207	104	42	480.96	74.17	0
chr11	79566695	79566986	292	130	34	382.45	102.38	0
chr11	117775528	117775876	349	219	41	442.91	93.85	0
chr11	120491856	120492200	345	213	43	483.73	94.95	0
chr11	121097916	121098403	488	298	36	380.84	104.71	0
chr12	77885236	77885544	309	144	38	421.11	94.91	0
chr12	81099825	81100103	279	123	37	406.42	60.7	0
chr12	111210528	111210931	404	169	51	516.34	60.79	0
chr13	12643074	12643270	197	113	26	370.96	149.3	0
chr13	37629801	37630075	275	148	35	396.28	97.08	0
chr13	52117303	52117685	383	229	54	519.54	40.95	0
chr14	21045519	21045974	456	312	40	415.09	61.62	0
chr14	48774406	48774597	192	92	41	564.08	136.51	0
chr15	37532410	37532743	334	119	32	377.38	98.89	0
chr16	5136732	5137062	331	145	38	375.39	76.78	0
chr16	34110951	34111289	339	138	39	385.01	60.79	0
chr16	38279915	38280130	216	159	34	454.11	92.14	0
chr17	27689688	27690212	525	352	49	431.81	80.62	0
chr17	31701771	31701871	101	51	37	667.33	139.27	0
chr17	46620990	46621205	216	100	44	594.3	127.97	0
chr18	11601038	11601256	219	78	40	473.7	89.58	0
chr19	4420512	4420814	303	173	37	384	90.93	0
chr2	25328048	25328539	492	303	123	1558.6	144.82	0
chr2	25484105	25484617	513	236	66	561.18	48.14	0
chr2	62484128	62484349	222	108	37	494.74	98.44	0
chr2	132697441	132697773	333	211	41	602.04	219.38	0
chr2	132729171	132729542	372	157	44	541.16	144.67	0
chr2	153380298	153380575	278	133	45	562.23	98.11	0
chr2	156279594	156279965	372	175	35	371.23	82.27	0
chr2	162798488	162798835	348	181	52	395.68	40.08	0
chr2	167241618	167242000	383	324	57	560.1	40.95	0
chr3	82842825	82843184	360	197	38	459.44	145.42	0
chr3	121081659	121081907	249	88	32	395.81	111.28	0
chr3	123056606	123056835	230	170	29	379.2	116.34	0
chr3	127632800	127633109	310	192	40	517.19	110.52	0
chr3	157589028	157589363	336	140	44	511.49	86	0
chr4	101046787	101047060	274	103	37	437.77	119.44	0
chr4	133113330	133113770	441	273	64	679.61	67.19	0
chr4	137499550	137499864	315	172	46	445.27	66.45	0
chr5	81997775	81998125	351	98	40	480.48	90.65	0
chr5	89225711	89225979	269	142	31	455.81	186.65	0
chr5	108912148	108912417	270	128	30	416.73	151.97	0
chr5	120964325	120964681	357	175	42	468.55	72.52	0
chr5	125793737	125794006	270	145	39	372.24	71.67	0
chr5	147095544	147095860	317	205	61	784.98	133.87	0
chr6	48544508	48544785	278	142	40	432.55	95.98	0
chr6	82038115	82038502	388	141	49	444.57	42.21	0
chr6	121220245	121220554	310	144	40	450.83	87.28	0
chr7	29161369	29161804	436	213	56	681.35	158.69	0
chr7	108764992	108765263	272	114	37	406.42	66.14	0
chr7	148600266	148600526	261	174	32	418.35	146.26	0
chr8	11754740	11755051	312	181	43	521.29	127.97	0
chr8	108295697	108295922	226	160	39	452.91	95.98	0
chr8	108337217	108337481	265	130	31	406.34	115.18	0
chr8	116159256	116159396	141	78	42	544.58	92.14	0
chr8	129258689	129259076	388	183	46	519.03	123.56	0
chr9	43892778	43893017	240	96	42	540.73	127.97	0
chr9	61215676	61215962	287	130	39	430.43	78.21	0
chr9	66141215	66141411	197	122	30	479.04	167.99	0
chr1	21294404	21294550	147	53	8	108.26	56	0.14
chr1	35893442	35893693	252	117	14	108.24	32.25	0.14
chr1	108095775	108095986	212	130	11	110.07	37.33	0.14
chr1	135268786	135268923	138	81	14	108.24	21.19	0.14
chr1	167391242	167391486	245	123	19	110.17	14.11	0.14
chr10	79578008	79578244	237	149	14	108.24	15.16	0.14
chr10	80889773	80889971	199	116	14	108.24	22.92	0.14
chr10	128402095	128402311	217	101	12	109.78	25.59	0.14
chr11	38484083	38484312	230	123	14	108.24	20.6	0.14
chr11	61123693	61123794	102	52	8	109.66	42.66	0.14
chr12	8788996	8789252	257	161	12	108.4	34.45	0.14
chr12	27046004	27046318	315	192	14	108.24	20.16	0.14
chr12	85383347	85383554	208	130	14	108.24	23.96	0.14
chr12	101693759	101693974	216	176	14	108.24	19.35	0.14
chr14	26565380	26565565	186	81	14	108.24	21.42	0.14
chr14	103482249	103482476	228	143	11	108.58	38.95	0.14
chr15	53174906	53175096	191	114	12	109.91	26.35	0.14
chr15	81661856	81662158	303	149	19	110.17	21.33	0.14
chr16	65665117	65665296	180	123	9	108.96	47.99	0.14
chr16	91362846	91363047	202	106	14	108.24	23.27	0.14
chr16	94671412	94671645	234	134	14	108.24	26.95	0.14
chr16	95858274	95858493	220	168	11	108.24	31.99	0.14
chr17	5215498	5215677	180	124	10	108.93	34.9	0.14
chr17	35607456	35607792	337	124	16	110.02	25.59	0.14
chr17	44208744	44208889	146	56	9	108.38	38.39	0.14
chr18	35992177	35992378	202	96	11	108.5	34.45	0.14
chr18	68340451	68340719	269	136	14	108.24	24.1	0.14
chr19	3834412	3834563	152	94	14	108.24	17.51	0.14
chr19	7575277	7575408	132	58	10	108.93	34.13	0.14
chr2	152631957	152632192	236	184	12	108.99	27.42	0.14
chr3	95122502	95122714	213	118	14	108.24	24.53	0.14
chr3	121899730	121899815	86	44	6	108.44	45.17	0.14
chr3	121909479	121909664	186	41	14	108.24	26.18	0.14
chr5	31297752	31298014	263	121	14	108.24	20.19	0.14
chr5	105788008	105788298	291	155	15	109.41	25.59	0.14
chr6	72728791	72729102	312	83	15	108.25	20.21	0.14
chr6	73173285	73173426	142	57	9	109.55	44.79	0.14
chr6	117122484	117122756	273	140	16	109.19	20.48	0.14
chr7	87605220	87605513	294	91	13	108.56	27.42	0.14
chr7	107225663	107225854	192	105	14	108.24	24.57	0.14
chr7	132424859	132425026	168	85	14	108.24	21.5	0.14
chr8	26366888	26367061	174	118	19	110.17	15.59	0.14
chr8	71919443	71919607	165	74	12	109.06	28.79	0.14
chr8	93356826	93357205	380	162	19	110.17	19.45	0.14
chrX	11899609	11899803	195	69	10	109.62	38.39	0.14
chrX	55754917	55755094	178	127	9	109.43	63.99	0.14
chr1	51816571	51816824	254	129	13	112.93	38.39	0.15
chr1	89805512	89805667	156	106	11	114.21	38.39	0.15
chr1	132728970	132729129	160	110	9	113.91	47.99	0.15
chr10	37334130	37334199	70	36	5	116.64	46.66	0.15
chr10	92535584	92535819	236	113	14	111.69	28.79	0.15
chr11	21416060	21416227	168	48	10	112.08	34.9	0.15
chr12	73683056	73683316	261	187	14	111.39	29.86	0.15
chr13	44434776	44435039	264	146	13	110.74	29.86	0.15
chr14	12524167	12524387	221	119	10	111.33	45.17	0.15
chr15	83282961	83283050	90	46	9	113.79	28.79	0.15
chr15	85766076	85766319	244	78	13	115.21	34.13	0.15
chr16	5110078	5110238	161	107	11	112.65	29.86	0.15
chr16	57157307	57157555	249	56	13	114.06	29.86	0.15
chr16	97756630	97756966	337	256	17	113.44	23.57	0.15
chr17	31460430	31460660	231	138	19	116.21	19.2	0.15
chr17	36288263	36288425	163	56	11	112.03	42.66	0.15
chr17	85093230	85093418	189	133	12	113.69	31.99	0.15
chr18	45215687	45215781	95	48	7	116.64	65.33	0.15
chr18	82848524	82848777	254	105	16	114	20.48	0.15
chr19	25496755	25496869	115	58	11	113.79	35.19	0.15
chr19	34606953	34607142	190	123	11	115.5	31.99	0.15
chr19	39719110	39719244	135	79	9	111.67	51.19	0.15
chr2	6116545	6116681	137	46	8	110.94	56	0.15
chr2	33139347	33139503	157	74	12	111.69	28.79	0.15
chr2	39081923	39082152	230	80	11	115.07	44.79	0.15
chr2	69180627	69180888	262	139	15	116.08	25.59	0.15
chr3	79026610	79026758	149	93	11	116.49	34.13	0.15
chr3	87689549	87689846	298	213	12	114.47	31.99	0.15
chr3	97768987	97769178	192	121	10	110.33	44.79	0.15
chr4	82026618	82026745	128	78	9	113.91	44.79	0.15
chr4	144503243	144503527	285	174	15	110.73	22.4	0.15
chr4	150123258	150123616	359	234	17	112.83	24.88	0.15
chr5	121784112	121784292	181	128	13	115.84	31.99	0.15
chr5	122753398	122753601	204	96	11	116.29	40.72	0.15
chr7	48854746	48854870	125	72	10	111.42	38.39	0.15
chr7	51753101	51753317	217	71	11	113.22	34.9	0.15
chr7	104849484	104849629	146	91	10	112.66	46.07	0.15
chr8	122965607	122965889	283	116	12	114.63	36.56	0.15
chr9	20608826	20609088	263	175	13	110.96	25.59	0.15
chr9	21054215	21054407	193	67	13	115.1	23.57	0.15
chr9	66133850	66134064	215	159	10	115.38	39.99	0.15
chr1	21049854	21050064	211	130	14	118.45	28.79	0.16
chr1	140515654	140515921	268	132	12	120.15	38.39	0.16
chr1	152979944	152980181	238	188	11	116.85	54.85	0.16
chr1	174585473	174585677	205	66	11	120.8	44.79	0.16
chr10	24671424	24671656	233	111	13	117.84	29.86	0.16
chr10	67012056	67012261	206	103	16	117.19	30.71	0.16
chr10	127213298	127213516	219	63	10	120.68	54.85	0.16
chr11	85589141	85589489	349	167	20	119.19	20.1	0.16
chr11	98441958	98442201	244	80	15	119.08	31.23	0.16
chr11	114728355	114728637	283	165	15	119.08	28.97	0.16
chr12	82076885	82077122	238	122	16	118.37	30.71	0.16
chr12	104388550	104388771	222	118	12	118.28	40.95	0.16
chr13	24286994	24287221	228	105	15	119.08	26.26	0.16
chr13	94481218	94481496	279	167	12	120.74	40.41	0.16
chr13	104827758	104827946	189	89	15	119.08	29.02	0.16
chr14	66492205	66492490	286	117	15	119.08	21.96	0.16
chr15	25415229	25415432	204	128	12	116.74	36.56	0.16
chr15	76968607	76968790	184	60	11	117.1	37.33	0.16
chr15	86044377	86044633	257	95	13	120.41	34.45	0.16
chr16	72688377	72688630	254	154	12	117.92	40.72	0.16
chr17	74192413	74192635	223	107	10	120.8	56	0.16
chr18	60859359	60859511	153	58	10	118.52	42.66	0.16
chr19	32351315	32351563	249	79	15	119.08	31.87	0.16
chr2	26455531	26455737	207	76	12	117.91	37.92	0.16
chr2	140598536	140598786	251	199	15	118.83	22.4	0.16
chr3	130317492	130317654	163	64	14	120.57	23.04	0.16
chr3	152364631	152364721	91	46	7	117.34	44.79	0.16
chr4	86315849	86316161	313	158	18	119.24	20.48	0.16
chr4	139091170	139091366	197	95	16	119.08	27.73	0.16
chr5	74518170	74518500	331	186	20	119.19	16.94	0.16
chr5	89061580	89061801	222	118	15	119.08	25.57	0.16
chr5	124284985	124285216	232	114	12	120.39	38.95	0.16
chr5	130647486	130647571	86	44	8	120.65	39.38	0.16
chr7	26678335	26678601	267	100	15	119.08	27.34	0.16
chr7	108213605	108213842	238	81	14	117.54	31.99	0.16
chr8	121960838	121961051	214	76	16	120.09	27.82	0.16
chr9	90060468	90060779	312	173	14	120.86	34.45	0.16
chr9	108244622	108244912	291	126	21	119.19	20.48	0.16
chr9	108995426	108995668	243	53	15	119.08	18.66	0.16
chr1	70739264	70739450	187	138	12	125.39	34.45	0.17
chr1	93338503	93338647	145	90	13	123.06	31.99	0.17
chr1	122166863	122167016	154	53	15	124.17	25.59	0.17
chr1	132206383	132206597	215	162	10	122.49	65.33	0.17
chr1	173495992	173496186	195	113	12	123.13	29.53	0.17
chr10	70807703	70807917	215	159	17	123.21	25.59	0.17
chr10	74853032	74853221	190	92	11	124.6	44.79	0.17
chr10	127009378	127009725	348	108	18	121.44	20.21	0.17
chr11	35545862	35546164	303	137	15	125.22	38.39	0.17
chr12	81213964	81214183	220	165	13	125.08	45.7	0.17
chr13	32856223	32856444	222	150	16	123.08	33.27	0.17
chr14	86889356	86889574	219	101	13	121.38	25.59	0.17
chr15	75948994	75949165	172	117	11	124.81	58.17	0.17
chr15	80515557	80515744	188	105	12	122.69	42.66	0.17
chr15	82626439	82626748	310	192	16	124.62	25.59	0.17
chr16	34896076	34896388	313	85	13	123.79	39.99	0.17
chr16	90737298	90737545	248	75	16	122.9	30.31	0.17
chr18	4375558	4375782	225	94	11	121.41	63.99	0.17
chr19	3659171	3659473	303	109	17	124.17	24.38	0.17
chr2	163421789	163422063	275	133	12	121.51	40.41	0.17
chr4	11542203	11542376	174	110	12	121.57	38.39	0.17
chr4	45864567	45864790	224	119	13	124.04	41.13	0.17
chr4	128660997	128661239	243	180	15	120.91	28.79	0.17
chr4	131993860	131994059	200	97	11	122.03	57.59	0.17
chr4	135344451	135344661	211	145	10	123.36	56	0.17
chr4	135704184	135704430	247	55	13	122.69	39.38	0.17
chr5	43442304	43442549	246	56	11	122.84	31.99	0.17
chr5	106113189	106113363	175	89	11	123.95	46.54	0.17
chr5	106265005	106265222	218	95	16	124.31	28.15	0.17
chr6	37493022	37493177	156	48	10	122.24	53.88	0.17
chr6	49160560	49160875	316	138	17	124.66	25.59	0.17
chr6	142293969	142294195	227	172	16	121.57	30.71	0.17
chr7	104567292	104567591	300	247	21	124.3	18.28	0.17
chr8	87984834	87984993	160	105	11	124.08	31.99	0.17
chr8	129244462	129244680	219	131	11	122.76	56.88	0.17
chr1	36568302	36568573	272	168	21	128.41	20.89	0.18
chr10	61128029	61128280	252	116	16	130.19	29.02	0.18
chr11	49074259	49074493	235	95	15	129.43	38.39	0.18
chr11	77795264	77795503	240	56	13	128.95	42.66	0.18
chr11	100931338	100931574	237	114	15	126.9	33.03	0.18
chr11	120214772	120215034	263	134	16	128.45	26.25	0.18
chr14	21592753	21592905	153	77	11	126.32	47.99	0.18
chr14	41964704	41964843	140	66	11	130.78	47.99	0.18
chr16	22891224	22891447	224	86	15	126.15	25.59	0.18
chr16	22914392	22914693	302	169	14	127.73	37.33	0.18
chr16	42875060	42875392	333	284	17	130.19	25.57	0.18
chr17	32067091	32067307	217	109	16	130.19	19.44	0.18
chr17	46402564	46402767	204	128	13	125.45	29.86	0.18
chr17	86902933	86903230	298	108	15	128.55	26.66	0.18
chr19	4594265	4594505	241	99	16	130.19	27.76	0.18
chr3	149100591	149100946	356	269	15	128.82	31.99	0.18
chr4	43434624	43434846	223	162	15	126.44	22.4	0.18
chr5	31495333	31495658	326	234	18	129.97	24.88	0.18
chr5	44441624	44441801	178	58	14	128.82	31.99	0.18
chr5	100845458	100845658	201	57	14	127.83	35.55	0.18
chr5	136918102	136918353	252	151	11	129.37	46.66	0.18
chr6	90695805	90696115	311	223	17	130.19	31.84	0.18
chr6	97212338	97212526	189	96	21	128.41	18.14	0.18
chr6	128705193	128705376	184	58	11	126.21	44.79	0.18
chr7	25359176	25359566	391	210	24	127.18	12.8	0.18
chr7	79645952	79646149	198	143	11	130.69	52.7	0.18
chr7	87591217	87591500	284	154	15	129.42	29.86	0.18
chr7	108472851	108473068	218	165	14	126.36	26.35	0.18
chr7	119531502	119531675	174	121	12	129.27	34.45	0.18
chr8	108466485	108466732	248	119	17	130.19	28.56	0.18
chr8	129332555	129332705	151	95	11	129.12	50.08	0.18
chr1	134066791	134066944	154	89	12	135.89	34.45	0.19
chr1	191866348	191866478	131	74	11	136.28	55.64	0.19
chr11	100652430	100652579	150	72	12	133.3	36.56	0.19
chr12	72965213	72965444	232	163	12	136.71	52.7	0.19
chr12	85262971	85263160	190	98	15	136.86	38.39	0.19
chr13	38588785	38588949	165	62	12	132.15	44.3	0.19
chr13	43327613	43327815	203	149	15	132.54	31.99	0.19
chr14	46608695	46608984	290	118	13	131.51	47.15	0.19
chr15	39691591	39691788	198	148	12	131.32	40.72	0.19
chr15	83998961	83999124	164	117	11	131.99	51.19	0.19
chr15	101848442	101848730	289	205	15	132.77	31.99	0.19
chr16	4702652	4702957	306	226	16	136.06	38.39	0.19
chr18	8966723	8966988	266	167	15	133.67	34.13	0.19
chr2	11620860	11621059	200	134	11	133.24	55.99	0.19
chr4	8172301	8172587	287	138	12	136.83	46.66	0.19
chr4	102482985	102483215	231	174	16	135.61	28.79	0.19
chr5	90868394	90868509	116	61	9	133.34	74.66	0.19
chr5	130498287	130498500	214	58	17	136.63	20.48	0.19
chr5	134658683	134658910	228	71	13	131.91	37.33	0.19
chr5	136154547	136154695	149	56	12	133.66	41.13	0.19
chr5	146191982	146192133	152	58	10	131.41	63.99	0.19
chr6	90385469	90385701	233	176	13	135.7	29.08	0.19
chr6	117653132	117653340	209	58	11	131.02	63.99	0.19
chr7	97168154	97168284	131	75	10	132.85	63.99	0.19
chr7	134352529	134352676	148	96	11	134.71	54.85	0.19
chr8	38156437	38156559	123	56	10	130.88	51.19	0.19
chr8	117085215	117085418	204	147	12	134.87	38.39	0.19
chr9	92145263	92145496	234	124	16	134.72	28.79	0.19
chr1	181735994	181736256	263	95	14	138.87	33.38	0.2
chr11	3309163	3309363	201	53	14	139.06	29.86	0.2
chr12	102234720	102235022	303	260	19	138.41	22.4	0.2
chr12	104565424	104565590	167	82	17	141.39	23.46	0.2
chr13	3537828	3538076	249	181	16	137.99	42.66	0.2
chr13	58169171	58169537	367	101	19	138.19	23.57	0.2
chr13	73505442	73505628	187	58	12	139.6	51.19	0.2
chr15	50518423	50518620	198	144	18	139.93	34.13	0.2
chr17	26774920	26775191	272	182	18	139.14	37.05	0.2
chr18	75662663	75662889	227	171	15	137.8	34.9	0.2
chr2	167686151	167686367	217	96	16	139.92	31.99	0.2
chr3	85068543	85068775	233	66	13	141.24	51.19	0.2
chr3	89714046	89714391	346	262	18	138.83	34.13	0.2
chr4	94950396	94950599	204	97	12	140.6	49.77	0.2
chr4	130597340	130597545	206	115	12	137.13	40.41	0.2
chr5	125799803	125800107	305	156	18	137.91	28.79	0.2
chr5	130709394	130709685	292	183	18	141.22	35.19	0.2
chr5	149559754	149560143	390	119	17	137.66	33.38	0.2
chr6	67066390	67066614	225	96	15	140.4	39.99	0.2
chr7	20286327	20286578	252	101	17	139.16	28.09	0.2
chr7	31753707	31753852	146	93	14	141.04	35.19	0.2
chr7	52241692	52241917	226	156	16	137.12	41.59	0.2
chr8	127364894	127365137	244	126	22	137.82	20.3	0.2
chr9	61218297	61218524	228	78	22	137.82	24.8	0.2
chr9	121264801	121265092	292	171	19	141.17	25.04	0.2
chr1	90166308	90166672	365	180	38	145.58	15.57	0.21
chr11	58088228	58088391	164	87	16	143.86	28.15	0.21
chr11	90121538	90121805	268	70	15	142.55	39.38	0.21
chr11	110229043	110229295	253	73	14	144.03	34.9	0.21
chr16	77421837	77422160	324	151	17	141.54	37.32	0.21
chr17	43995055	43995318	264	153	17	141.54	33.79	0.21
chr17	71439505	71439771	267	80	16	145.49	38.39	0.21
chr18	46495333	46495486	154	58	12	144.99	46.54	0.21
chr18	61269919	61270147	229	172	13	145.25	47.15	0.21
chr19	26715117	26715339	223	82	17	141.54	31.39	0.21
chr19	36701425	36701590	166	121	13	143.52	47.4	0.21
chr2	167670175	167670326	152	98	13	142.51	38.39	0.21
chr2	170285322	170285633	312	114	19	143.14	33.52	0.21
chr3	52405237	52405466	230	91	14	142	57.59	0.21
chr3	130320292	130320578	287	158	17	141.54	29.38	0.21
chr4	62156951	62157236	286	136	17	143.58	22.58	0.21
chr4	72708921	72709287	367	159	20	144.49	31.99	0.21
chr5	121015286	121015534	249	168	17	141.83	31.99	0.21
chr5	135508527	135508722	196	140	13	145.78	46.54	0.21
chr6	73215005	73215153	149	80	13	143.67	46.92	0.21
chr6	127414538	127414752	215	82	13	145.94	51.19	0.21
chr7	106986221	106986475	255	148	12	143.27	65.33	0.21
chr1	91792487	91792770	284	121	23	147.41	23.62	0.22
chr1	177577181	177577487	307	145	24	147.41	27.5	0.22
chr10	124931838	124932008	171	118	11	148.99	65.33	0.22
chr11	23565280	23565415	136	80	11	146.8	63.99	0.22
chr11	98812800	98813115	316	252	18	147.6	30.11	0.22
chr16	46605516	46605733	218	133	14	147.88	53.32	0.22
chr17	72749139	72749390	252	110	16	149.52	38.39	0.22
chr18	13025647	13025819	173	92	12	148.4	74.66	0.22
chr18	34227332	34227488	157	102	12	149.15	63.99	0.22
chr18	55113906	55114084	179	58	15	146.26	46.92	0.22
chr19	4721837	4722013	177	67	15	148.44	39.1	0.22
chr2	6532622	6532880	259	167	14	148.5	57.59	0.22
chr2	59000118	59000322	205	79	20	146.38	23.77	0.22
chr4	28740191	28740310	120	52	10	149.66	83.99	0.22
chr4	41083588	41083794	207	131	14	148.16	57.59	0.22
chr5	36512166	36512335	170	77	13	149.02	42.66	0.22
chr6	90282541	90282796	256	131	14	149.23	44.79	0.22
chr7	52859180	52859380	201	120	14	147.95	54.14	0.22
chr7	105540980	105541334	355	193	18	148.28	38.39	0.22
chr9	9127429	9127589	161	93	17	147.74	38.39	0.22
chrX	137066917	137067129	213	125	14	149.33	53.32	0.22
chr10	77076162	77076406	245	113	17	150.71	46.21	0.23
chr10	95302549	95302750	202	145	18	153.12	36.19	0.23
chr10	127638811	127639182	372	206	20	152.16	21.33	0.23
chr13	23918635	23918796	162	55	11	151.74	65.33	0.23
chr13	63009641	63009835	195	57	14	151.66	44.79	0.23
chr13	112221495	112221763	269	139	18	153.12	30.98	0.23
chr14	121738104	121738373	270	118	20	151.49	28.15	0.23
chr16	13041512	13041727	216	125	12	152.36	74.66	0.23
chr16	91239376	91239649	274	58	18	153.12	35.06	0.23
chr17	27673829	27674117	289	165	15	151.66	48.75	0.23
chr18	62391079	62391417	339	160	15	151.31	42.66	0.23
chr2	6116694	6116915	222	105	13	150.85	46.66	0.23
chr2	16604696	16604787	92	47	8	150.45	74.66	0.23
chr4	148478534	148478764	231	114	18	153.12	35.47	0.23
chr5	88992542	88992706	165	83	18	153.12	31.67	0.23
chr7	140922393	140922591	199	119	18	153.12	25.47	0.23
chr9	29286686	29286879	194	102	12	149.79	71.99	0.23
chr9	54361942	54362194	253	170	15	151.63	47.99	0.23
chr9	62676633	62676924	292	134	18	153.12	26.16	0.23
chr10	43077767	43078005	239	131	14	153.52	63.99	0.24
chr11	22338830	22338969	140	47	13	155.44	76.78	0.24
chr11	110312941	110313218	278	195	22	154.13	21.33	0.24
chr15	77213044	77213370	327	242	18	154.6	42.66	0.24
chr16	4493230	4493407	178	126	12	154.51	71.99	0.24
chr17	8115426	8115673	248	152	13	154.44	51.19	0.24
chr17	57435404	57435634	231	102	15	155.65	57.59	0.24
chr2	38468211	38468393	183	127	14	156.27	46.07	0.24
chr2	152160108	152160281	174	106	13	155.49	60.94	0.24
chr4	43516052	43516379	328	145	18	154.36	42.66	0.24
chr4	128670404	128670555	152	82	13	155.59	53.32	0.24
chr5	122476342	122476575	234	103	14	154.84	51.19	0.24
chr6	149103492	149103720	229	149	16	156.21	51.19	0.24
chr7	86455113	86455345	233	67	16	155	42.66	0.24
chr7	137363588	137363757	170	101	17	153.43	30.71	0.24
chr8	125766328	125766565	238	147	18	153.12	30.46	0.24
chr9	86249463	86249722	260	152	16	155.59	58.17	0.24
chr1	108067832	108068019	188	57	14	157.14	58.65	0.25
chr10	80423366	80423532	167	97	14	157.18	42.66	0.25
chr11	88702377	88702697	321	92	19	157.83	41.4	0.25
chr11	88870896	88871111	216	97	17	157.97	44.96	0.25
chr11	115952986	115953290	305	220	16	157.86	34.9	0.25
chr14	21916064	21916326	263	112	16	156.54	44.3	0.25
chr16	24090137	24090406	270	106	22	156.78	25.59	0.25
chr16	25805118	25805390	273	167	19	157.78	25.59	0.25
chr16	52078865	52079089	225	145	14	157.3	44.79	0.25
chr18	10886150	10886550	401	294	18	157.71	51.19	0.25
chr19	23131392	23131715	324	129	17	156.98	40.95	0.25
chr2	180988064	180988277	214	95	19	159.43	20.48	0.25
chr4	125934359	125934710	352	190	24	157.18	27.03	0.25
chr5	112104343	112104730	388	222	25	157.18	27.31	0.25
chr6	42322838	42323118	281	116	24	157.18	26.97	0.25
chr9	45896960	45897143	184	99	17	157.02	37.81	0.25
chr1	187280325	187280623	299	104	20	161.69	31.99	0.26
chr16	22970173	22970386	214	85	15	160.45	57.59	0.26
chr17	46062774	46062992	219	161	13	161.77	68.25	0.26
chr18	65255316	65255527	212	58	16	161.63	29.86	0.26
chr19	36779406	36779560	155	85	14	159.58	50.28	0.26
chr2	26456145	26456549	405	334	21	160.36	34.13	0.26
chr2	72709801	72710099	299	231	20	161.69	28.79	0.26
chr2	75449134	75449446	313	251	21	162.16	33.68	0.26
chr2	163366423	163366709	287	153	19	162.27	49.77	0.26
chr3	118269859	118270042	184	58	12	161.17	65.33	0.26
chr4	86082269	86082570	302	245	18	160.75	29.86	0.26
chr6	91610085	91610424	340	243	23	161.75	35.19	0.26
chr6	108723587	108723766	180	97	14	159.87	47.99	0.26
chr7	3186287	3186435	149	93	13	161.89	63.99	0.26
chr9	65270569	65270895	327	183	29	161.15	19.53	0.26
chr1	107011506	107011734	229	89	19	164.93	29.31	0.27
chr10	62585399	62585614	216	65	19	164.93	33.17	0.27
chr10	80500050	80500204	155	58	16	107.74	21.33	0.27
chr10	95223232	95223440	209	90	19	164.93	32.1	0.27
chr10	111272112	111272279	168	98	19	164.93	30.1	0.27
chr11	69905599	69905839	241	121	16	162.68	59.06	0.27
chr11	100777843	100777977	135	81	10	107.9	38.39	0.27
chr11	120045931	120046278	348	165	16	107.89	19.2	0.27
chr12	87880527	87880824	298	180	10	107.49	37.33	0.27
chr14	22319910	22320027	118	62	9	107.95	40.95	0.27
chr16	32453228	32453439	212	129	10	108.15	40.41	0.27
chr2	28891280	28891578	299	171	15	107.7	22.4	0.27
chr2	147768394	147768757	364	200	20	164.93	51.24	0.27
chr3	130008710	130008975	266	70	11	107.87	31.99	0.27
chr4	82970266	82970398	133	58	11	107.87	31.99	0.27
chr4	104658702	104658852	151	79	12	163.57	71.99	0.27
chr5	125810657	125810882	226	147	18	164.91	33.68	0.27
chr5	146714989	146715243	255	58	15	163.23	51.19	0.27
chr6	51651353	51651745	393	86	21	162.9	34.13	0.27
chr6	108484190	108484430	241	188	12	107.88	22.85	0.27
chr6	120539259	120539598	340	91	12	107.48	31.99	0.27
chr7	87531521	87531723	203	110	19	164.93	28.58	0.27
chr8	13037736	13037883	148	94	9	107.81	44.79	0.27
chr8	46367059	46367304	246	128	14	165.72	63.99	0.27
chr8	98357655	98357853	199	132	20	164.93	33.11	0.27
chr9	37335477	37335710	234	109	16	107.32	19.2	0.27
chr9	117949473	117949621	149	95	9	107.53	44.79	0.27
chrX	45866267	45866443	177	92	13	163.57	63.99	0.27
chr11	53608330	53608612	283	176	18	165.81	25.59	0.28
chr14	70457505	70457825	321	192	25	167.12	30.81	0.28
chr16	25058986	25059187	202	78	16	167.43	48.54	0.28
chr17	56116074	56116304	231	158	25	167.12	23.65	0.28
chr19	4326142	4326381	240	88	15	167.28	51.19	0.28
chr2	5863804	5864064	261	159	14	166.06	59.72	0.28
chr3	145423542	145423773	232	129	18	167.08	39.1	0.28
chr5	51919138	51919268	131	53	14	165.82	51.19	0.28
chr5	73545267	73545556	290	170	25	167.12	29.69	0.28
chr6	49115947	49116263	317	122	25	167.12	30.43	0.28
chr6	54359399	54359611	213	98	16	166.16	45.7	0.28
chr7	109063974	109064349	376	134	25	167.12	26.46	0.28
chrX	74910397	74910639	243	134	15	166.45	70.39	0.28
chr1	107822434	107822606	173	54	14	167.84	46.54	0.29
chr13	112606722	112606923	202	118	18	169.67	41.59	0.29
chr14	77217103	77217388	286	179	22	168.2	28.15	0.29
chr15	10889497	10889709	213	125	13	167.49	73.13	0.29
chr15	59484416	59484678	263	64	19	168.96	41.28	0.29
chr16	11330331	11330492	162	56	12	168.2	93.33	0.29
chr2	35940591	35940899	309	254	21	170.21	25.59	0.29
chr2	128638573	128638781	209	156	13	168.61	100.55	0.29
chr3	50960378	50960561	184	62	14	169.97	51.19	0.29
chr5	150439220	150439451	232	134	14	169.42	55.99	0.29
chr6	82020525	82020778	254	154	21	167.8	28.15	0.29
chr6	108608469	108608837	369	188	30	170.1	23.61	0.29
chr10	127396283	127396629	347	171	20	173.5	38.39	0.3
chr11	78511093	78511220	128	50	12	172.7	79.98	0.3
chr13	24638600	24638777	178	95	14	172.06	57.59	0.3
chr15	44548982	44549195	214	134	15	170.69	67.75	0.3
chr15	82071636	82071861	226	107	19	173.17	44.79	0.3
chr17	59031089	59031267	179	56	16	173.58	51.19	0.3
chr2	70485808	70486111	304	178	18	171.39	44.3	0.3
chr2	134370131	134370306	176	86	14	172.78	57.59	0.3
chr2	167648939	167649246	308	190	22	173.16	34.9	0.3
chr5	67411150	67411307	158	81	14	170.76	61.2	0.3
chr5	146832851	146833068	218	90	15	173.72	51.19	0.3
chr1	72772555	72772847	293	236	19	174.27	44.3	0.31
chr1	157673893	157674260	368	213	27	175.65	33.27	0.31
chr13	37781008	37781334	327	166	20	176.94	50.22	0.31
chr13	41292759	41292999	241	93	17	176.05	54.14	0.31
chr18	11161091	11161435	345	216	19	173.8	34.45	0.31
chr3	131151497	131151689	193	107	15	175.5	58.17	0.31
chr5	145708176	145708392	217	163	20	176.94	36.1	0.31
chr6	43803587	43803822	236	76	16	175.98	63.99	0.31
chr6	91656204	91656529	326	181	20	176.94	54.24	0.31
chr7	88741148	88741297	150	88	16	175.19	43.88	0.31
chr10	59248034	59248199	166	76	16	178.94	46.92	0.32
chr10	127014305	127014585	281	146	21	178.67	35.19	0.32
chr11	4017474	4017859	386	111	27	177.22	32.11	0.32
chr11	120371356	120371606	251	103	17	179	47.99	0.32
chr12	33366967	33367180	214	115	22	178.16	34.13	0.32
chr13	60211849	60212099	251	159	16	178.37	70.39	0.32
chr13	104821091	104821412	322	160	26	177.22	30.91	0.32
chr2	174342537	174342867	331	202	23	177.48	31.99	0.32
chr4	34830221	34830462	242	101	16	177.5	79.22	0.32
chr7	106255486	106255712	227	91	21	177.8	38.39	0.32
chr11	96499346	96499583	238	124	20	181.16	51.19	0.33
chr12	81185133	81185292	160	55	16	181.56	59.72	0.33
chr13	24972715	24972960	246	131	18	182.19	45.7	0.33
chr15	82014146	82014364	219	162	21	181.01	33.27	0.33
chr16	29989486	29989632	147	91	15	182.58	63.99	0.33
chr18	7780606	7780837	232	147	14	179.18	65.33	0.33
chr5	122068647	122068960	314	156	19	181.54	49.22	0.33
chr6	121260941	121261219	279	171	23	181.63	38.39	0.33
chr8	13106122	13106353	232	54	18	181.37	46.92	0.33
chr1	193701616	193701883	268	123	19	182.8	59.72	0.34
chr17	15890638	15890850	213	54	14	183.29	82.27	0.34
chr18	43410093	43410321	229	176	23	183.1	29.86	0.34
chr18	68226294	68226506	213	87	16	183.27	75.62	0.34
chr19	57441821	57441977	157	97	16	182.91	46.92	0.34
chr2	103637294	103637516	223	108	16	183.32	54.85	0.34
chr3	79323754	79324160	407	204	22	182.84	42.66	0.34
chr8	46496280	46496511	232	119	16	183.98	70.39	0.34
chr9	66155289	66155417	129	57	14	183.61	66.77	0.34
chr10	126788792	126788987	196	133	17	185.99	54.85	0.35
chr13	34554529	34554869	341	156	27	187.47	32.73	0.35
chr19	55778361	55778544	184	83	20	184.11	35.83	0.35
chr2	56976481	56976757	277	175	17	185.28	70.39	0.35
chr4	122657199	122657423	225	144	20	186	57.59	0.35
chr4	140872754	140873083	330	73	27	187.47	21.12	0.35
chr5	73237630	73237901	272	128	18	186.42	63.99	0.35
chr8	23511229	23511491	263	113	17	185.51	60.94	0.35
chr1	71693377	71693653	277	151	11	101.2	29.08	0.36
chr10	17877881	17878060	180	50	8	100.58	46.66	0.36
chr11	51668773	51669016	244	128	18	188.68	68.91	0.36
chr11	83375923	83376275	353	69	21	189.16	31.62	0.36
chr16	33951083	33951314	232	152	21	189.16	29.69	0.36
chr16	52071947	52072276	330	262	22	190.13	54.14	0.36
chr18	13829972	13830254	283	137	21	189.16	39.84	0.36
chr19	55626941	55627144	204	107	12	100.59	23.57	0.36
chr2	4821737	4822020	284	128	21	189.16	54.52	0.36
chr2	43411545	43411715	171	86	11	100.71	24.88	0.36
chr2	152492557	152492755	199	86	10	100.4	37.33	0.36
chr4	134354841	134355095	255	135	12	101.28	29.86	0.36
chr5	93000353	93000602	250	131	15	188.52	82.27	0.36
chr5	122453726	122454008	283	107	14	100.87	19.2	0.36
chr6	34361974	34362216	243	107	18	189	54.14	0.36
chr6	97215291	97215572	282	88	14	101.08	19.2	0.36
chr1	34314932	34315143	212	164	9	102.12	39.99	0.37
chr1	133022829	133023095	267	104	18	101.36	15.38	0.37
chr1	164896446	164896644	199	49	11	102.21	29.86	0.37
chr1	180248399	180248630	232	95	17	191.45	69.8	0.37
chr11	95640433	95640633	201	96	11	101.72	25.59	0.37
chr11	101345149	101345291	143	88	9	101.63	37.33	0.37
chr11	107455399	107455497	99	50	7	102.27	44.79	0.37
chr12	76684869	76685037	169	99	17	191.96	59.72	0.37
chr12	110088539	110088872	334	116	13	101.4	27.42	0.37
chr16	26706804	26707086	283	51	18	101.36	16.3	0.37
chr16	29985789	29985972	184	53	14	102.35	17.06	0.37
chr18	64820940	64821126	187	111	13	101.41	23.04	0.37
chr19	14333810	14334093	284	158	20	190.74	55.46	0.37
chr2	34919354	34919455	102	52	7	102.27	44.79	0.37
chr2	38018150	38018299	150	97	8	101.64	47.99	0.37
chr3	116764278	116764524	247	192	16	190.74	102.66	0.37
chr4	43977482	43977704	223	104	14	101.77	17.92	0.37
chr4	140918970	140919228	259	161	18	101.36	18.23	0.37
chr4	146971926	146971995	70	36	5	102.27	31.99	0.37
chr5	99769798	99770001	204	132	19	190.29	49.77	0.37
chr5	148715013	148715252	240	53	15	191.29	63.99	0.37
chr6	6135185	6135534	350	84	19	101.36	15.68	0.37
chr6	54129617	54129716	100	51	7	102.27	44.79	0.37
chr7	64816166	64816417	252	137	17	192.4	57.59	0.37
chr7	121435304	121435535	232	111	11	101.7	24.61	0.37
chr8	35014377	35014509	133	63	9	101.32	34.45	0.37
chr9	110656434	110656584	151	49	8	101.39	39.99	0.37
chrX	51354499	51354565	67	34	5	102.27	31.99	0.37
chr1	93790927	93791150	224	101	24	196.72	36.26	0.38
chr1	182650183	182650435	253	107	18	195.52	50.08	0.38
chr10	52028971	52029194	224	98	9	102.51	34.13	0.38
chr10	68751533	68751714	182	70	11	103.42	31.99	0.38
chr11	72383577	72383740	164	112	8	103.31	45.7	0.38
chr11	113559505	113559738	234	95	19	194.03	51.19	0.38
chr11	120656143	120656412	270	120	22	102.8	11.52	0.38
chr11	120685957	120686222	266	77	21	193.06	35.55	0.38
chr12	57870447	57870737	291	162	22	102.8	12.41	0.38
chr12	83051066	83051217	152	92	10	102.5	29.86	0.38
chr12	113346896	113347197	302	110	23	195.61	38.39	0.38
chr13	37807385	37807526	142	70	18	195.65	48.93	0.38
chr14	46637785	46637986	202	147	10	103.67	34.9	0.38
chr14	48821819	48822093	275	145	14	102.57	22.4	0.38
chr15	89205768	89206101	334	82	16	103.97	20.21	0.38
chr16	27387868	27388090	223	86	13	104.05	22.4	0.38
chr16	36559781	36559961	181	86	12	104.17	22.4	0.38
chr16	43365548	43365710	163	99	9	103.77	38.39	0.38
chr18	61839255	61839458	204	114	11	102.65	30.89	0.38
chr19	12675601	12675820	220	124	10	104.12	51.19	0.38
chr19	46210565	46210808	244	180	10	104.21	28.44	0.38
chr5	93014920	93015178	259	117	15	102.71	20.48	0.38
chr5	113649680	113649867	188	111	11	103.39	24.77	0.38
chr5	124694564	124694752	189	87	25	196.01	31.99	0.38
chr5	138042351	138042590	240	140	11	103.96	31.99	0.38
chr7	25039636	25039803	168	56	8	103.19	56	0.38
chr8	42240543	42240744	202	92	9	104.13	55.99	0.38
chr9	107210770	107211040	271	218	14	103.44	25.59	0.38
chr10	75399810	75400056	247	95	13	104.22	31.99	0.39
chr11	66849919	66850057	139	83	9	104.59	38.95	0.39
chr11	94006092	94006307	216	99	11	105.2	29.53	0.39
chr11	98823736	98824018	283	100	20	197.03	59.42	0.39
chr11	117824694	117824831	138	57	10	105.4	28.9	0.39
chr12	102323530	102323839	310	44	13	104.98	27.82	0.39
chr13	98810678	98810825	148	75	8	104.59	51.19	0.39
chr15	78226038	78226195	158	105	8	105.52	46.66	0.39
chr15	103154028	103154382	355	151	19	105.41	21.33	0.39
chr16	21818859	21819038	180	65	10	104.96	37.33	0.39
chr18	64510237	64510475	239	124	12	104.68	38.39	0.39
chr19	30221393	30221550	158	103	9	105.08	51.19	0.39
chr2	27068028	27068322	295	157	12	105.35	42.66	0.39
chr2	71992003	71992199	197	104	10	104.81	46.54	0.39
chr2	145501156	145501384	229	128	18	196.81	61.43	0.39
chr3	21990728	21990952	225	143	19	197.29	51.19	0.39
chr4	40168459	40168637	179	57	12	104.76	28.79	0.39
chr4	138531945	138532264	320	124	18	104.3	17.06	0.39
chr4	150059210	150059621	412	191	26	197.97	22.4	0.39
chr5	93174731	93175050	320	148	18	104.3	25.59	0.39
chr5	108883173	108883464	292	141	17	198.13	71.99	0.39
chr6	131327533	131327631	99	50	17	105.27	10.77	0.39
chr7	75242004	75242206	203	123	11	104.61	27.42	0.39
chr8	25539103	25539319	217	147	15	198.11	82.27	0.39
chr9	47231043	47231185	143	69	10	105.28	34.13	0.39
chr9	61184805	61184921	117	61	9	104.73	37.92	0.39
chr1	74767750	74767938	189	52	10	106.7	40.72	0.4
chr1	172446405	172446774	370	162	17	106.85	14.54	0.4
chr10	57397400	57397555	156	52	8	106	56	0.4
chr11	116070734	116070945	212	51	11	106.12	29.53	0.4
chr11	119808808	119809061	254	104	22	200.07	41.59	0.4
chr12	9036727	9036959	233	137	17	198.33	57.59	0.4
chr12	13009527	13009745	219	129	9	106.34	63.99	0.4
chr13	44477116	44477404	289	116	23	199.91	31.99	0.4
chr18	44788337	44788599	263	150	11	106.03	36.56	0.4
chr19	12040023	12040303	281	191	12	106.08	42.66	0.4
chr2	68740641	68740852	212	65	17	198.26	52.35	0.4
chr4	43436158	43436427	270	139	21	199.59	38.78	0.4
chr4	108820278	108820513	236	162	16	106.76	14.93	0.4
chr4	129178342	129178576	235	179	12	105.57	29.86	0.4
chr5	143693082	143693352	271	112	14	106.49	23.57	0.4
chr7	52744151	52744367	217	58	12	106.37	31.99	0.4
chr7	56607407	56607683	277	173	19	198.56	53.32	0.4
chr8	35857341	35857545	205	71	15	106.77	28.15	0.4
chr9	21568793	21568986	194	115	16	200.45	80.83	0.4
chr9	71574029	71574212	184	90	11	106.05	29.86	0.4
chr1	174029673	174029956	284	178	22	201.56	54.52	0.41
chr10	5913808	5914108	301	129	22	201.56	38.52	0.41
chr13	40955173	40955503	331	259	22	201.56	55.07	0.41
chr13	102143528	102143779	252	185	22	201.56	35.47	0.41
chr2	27071097	27071351	255	115	22	201.56	42.42	0.41
chr3	145452148	145452394	247	110	19	201.44	34.45	0.41
chr6	125032848	125033087	240	118	22	201.56	43	0.41
chr9	70079911	70080168	258	168	24	200.88	33.27	0.41
chr11	83830609	83830835	227	167	19	202.3	68.56	0.42
chr19	17385604	17385870	267	194	18	202.35	44.79	0.42
chr8	14999504	14999662	159	69	17	201.78	63.99	0.42
chr12	78450614	78450773	160	84	14	202.86	102.66	0.43
chr15	76181593	76181757	165	55	21	204.64	55.26	0.43
chr15	77370119	77370282	164	107	15	203.94	90.33	0.43
chr16	25059377	25059633	257	112	20	202.36	52.95	0.43
chr8	10965714	10965974	261	65	18	204.16	63.99	0.43
chr9	106174651	106174971	321	217	18	205.45	55.99	0.43
chr1	51827011	51827287	277	114	21	205.92	68.25	0.44
chr11	50008392	50008696	305	141	25	206.55	51.19	0.44
chr11	101576848	101577020	173	93	17	207.07	63.99	0.44
chr19	46666085	46666354	270	160	23	206.58	44.79	0.44
chr4	133108757	133109188	432	240	32	207.07	25.59	0.44
chr10	10299730	10300092	363	225	29	208.44	37.16	0.45
chr10	111139463	111139777	315	165	29	208.44	26.2	0.45
chr16	44061639	44061889	251	61	20	207.48	50.28	0.45
chr17	56256598	56256832	235	105	22	207.42	44.79	0.45
chr19	18221030	18221306	277	222	18	207.82	63.99	0.45
chr13	51740514	51740752	239	169	18	211.18	70.39	0.46
chr3	96329999	96330325	327	113	27	209.96	30.71	0.46
chr3	146243011	146243358	348	103	23	209.91	34.13	0.46
chr4	101101828	101102065	238	57	19	211.22	69.32	0.46
chr1	138583176	138583435	260	138	23	214.16	39.93	0.47
chr10	62523154	62523439	286	103	20	213.27	66.77	0.47
chr19	17387215	17387449	235	114	18	212.53	63.99	0.47
chr4	62897370	62897670	301	116	20	212.68	58.17	0.47
chr6	128058683	128059061	379	193	33	213.94	34.74	0.47
chr7	73054328	73054531	204	93	23	214.16	39.16	0.47
chr7	77669696	77669989	294	149	24	214.16	52.67	0.47
chr3	133413086	133413365	280	138	20	215.12	66.77	0.48
chr4	153910323	153910454	132	58	14	215.18	121.32	0.48
chr11	102282886	102283153	268	71	19	216.56	57.59	0.49
chr15	60569866	60570045	180	85	17	217.92	83.18	0.49
chr4	104587381	104587682	302	230	23	217.53	43.99	0.49
chr5	119782680	119782919	240	117	22	215.42	46.21	0.49
chr1	71959893	71960157	265	72	30	219.13	33.91	0.5
chr15	53103068	53103318	251	183	19	217.96	73.13	0.5
chr18	78117987	78118337	351	196	21	221.33	44.79	0.5
chr8	72149114	72149273	160	110	15	220.27	111.99	0.5
chr1	189788417	189788646	230	90	18	222.7	71.1	0.51
chr2	167677114	167677400	287	158	21	223.07	53.32	0.51
chr5	117701842	117702008	167	103	19	222.23	59.72	0.51
chr9	114736455	114736690	236	143	20	222.82	61.43	0.51
chr1	121087858	121088116	259	118	20	225.88	75.62	0.52
chr4	135770791	135771124	334	88	24	226.92	38.47	0.52
chr5	34678704	34678881	178	99	24	226.92	41	0.52
chr5	115550639	115550863	225	102	24	226.92	46.07	0.52
chr7	135883886	135884112	227	119	24	226.92	34.86	0.52
chr1	84282321	84282571	251	98	22	228.54	59.72	0.53
chr3	115451312	115451535	224	106	18	229.41	82.81	0.53
chr4	126410236	126410455	220	148	23	229.18	60.22	0.53
chr1	16189418	16189661	244	123	24	229.43	44.79	0.54
chr11	112872362	112872608	247	152	22	229.5	68.91	0.54
chr17	56782761	56782953	193	69	17	229.64	79.98	0.54
chr13	30036834	30037110	277	134	23	232.52	55.46	0.55
chr5	122470329	122470529	201	82	20	233.51	68.91	0.55
chr9	43072403	43072584	182	107	20	235.74	59.42	0.55
chr1	91451899	91452158	260	173	24	239.67	60.22	0.56
chr15	34202699	34202949	251	169	19	240.9	95.98	0.56
chr3	142370107	142370318	212	112	25	239.86	43.41	0.56
chr6	51307180	51307425	246	141	18	237.5	100.55	0.56
chr12	110089143	110089328	186	99	21	242.47	55.46	0.57
chr17	57367520	57367762	243	125	25	242.91	63.99	0.57
chr19	44723798	44723998	201	83	21	241.68	59.42	0.57
chr10	77760363	77760579	217	83	25	244.84	49.44	0.58
chr10	127008388	127008689	302	173	26	243.64	42.66	0.58
chr8	49075779	49076081	303	129	27	244.02	44.79	0.58
chr16	38289033	38289289	257	95	26	249.88	47.99	0.59
chr9	44345817	44346013	197	62	27	246.9	38.39	0.59
chr11	97310758	97311267	510	198	34	252.02	48.95	0.6
chr12	113194513	113194710	198	73	24	251.1	41.59	0.6
chr3	89215747	89215974	228	139	33	252.02	36.47	0.6
chr5	147883541	147883776	236	127	22	252.01	76.78	0.6
chr15	35816952	35817212	261	168	24	252.29	59.72	0.61
chr15	77207952	77208204	253	136	23	252.13	75.84	0.61
chr10	127403517	127403659	143	91	26	252.96	42.09	0.62
chr2	128793768	128793985	218	161	26	252.96	50.22	0.62
chr3	97414982	97415355	374	127	27	252.9	42.66	0.62
chr5	90876658	90876966	309	146	26	252.96	51.41	0.62
chr12	113879459	113879697	239	96	26	252.96	39.76	0.63
chr10	41990585	41990872	288	96	22	254.33	63.99	0.64
chr3	143927536	143927799	264	122	22	253.53	87.25	0.64
chr16	10347736	10348111	376	212	31	254.75	47.99	0.65
chr19	61214679	61214832	154	57	19	255.05	120.86	0.65
chr3	121777450	121777640	191	105	22	254.84	68.25	0.65
chr9	78039609	78039980	372	226	30	256.1	41.59	0.66
chr9	103143619	103143873	255	134	20	255.46	79.98	0.66
chr11	49971948	49972276	329	191	25	256.7	49.22	0.67
chr11	51673185	51673422	238	141	26	258.47	54.39	0.67
chr13	94013080	94013351	272	201	22	259.87	83.18	0.68
chr13	112029698	112029874	177	86	19	260.55	99.54	0.68
chr8	125429327	125429568	242	80	24	260.18	68.25	0.68
chr1	133382648	133382960	313	199	23	260.92	76.78	0.69
chr6	95666537	95666893	357	58	27	261.3	78.75	0.69
chr1	59496027	59496293	267	99	16	98.65	17.06	0.7
chr12	103933732	103933897	166	57	10	98.51	29.86	0.7
chr14	76882915	76883000	86	44	6	98.67	34.9	0.7
chr16	16216143	16216357	215	93	11	98.43	34.13	0.7
chr18	38829583	38829816	234	113	14	98.92	20.48	0.7
chr18	64023586	64023786	201	147	12	98.68	28.79	0.7
chr19	21226667	21226912	246	102	11	98.84	29.53	0.7
chr2	172972291	172972537	247	104	13	98.34	25.59	0.7
chr4	62817793	62817995	203	104	12	98.16	22.4	0.7
chr7	152115404	152115689	286	192	28	263.49	54.39	0.7
chr8	24546118	24546482	365	195	33	264.57	38.39	0.7
chr1	74116562	74116776	215	57	12	99.23	24.21	0.71
chr1	130720868	130721112	245	91	10	99.25	31.99	0.71
chr1	134195018	134195177	160	107	10	100.18	34.13	0.71
chr1	174562659	174563031	373	103	14	99.38	24.61	0.71
chr10	80885055	80885293	239	126	13	100.17	25.59	0.71
chr14	52532088	52532414	327	170	27	266.22	50.22	0.71
chr18	85074911	85075057	147	51	8	100.11	45.17	0.71
chr19	27504442	27504542	101	51	6	99.7	54.85	0.71
chr3	120874901	120875177	277	181	27	266.22	46.08	0.71
chr4	53550538	53550616	79	40	5	99.7	45.7	0.71
chr4	150100345	150100506	162	106	10	99.62	29.86	0.71
chr6	37490140	37490430	291	166	27	266.22	55.86	0.71
chr6	88025099	88025357	259	112	10	99.05	47.15	0.71
chr7	29107118	29107378	261	151	16	100.13	19.2	0.71
chr7	107755764	107755944	181	56	9	99.41	38.39	0.71
chr10	19114031	19114112	82	42	5	100.4	46.66	0.72
chr13	52105157	52105484	328	184	32	267.37	46.07	0.72
chr14	86884260	86884376	117	60	7	100.4	56	0.72
chr15	99855600	99855716	117	54	7	100.4	56	0.72
chr4	120105757	120105871	115	58	7	100.4	65.33	0.72
chr5	51679569	51679746	178	58	8	100.21	45.7	0.72
chr5	73017750	73017824	75	38	5	100.4	46.66	0.72
chr7	48966744	48966843	100	51	6	100.4	56	0.72
chr8	100556713	100556795	83	42	5	100.4	46.66	0.72
chr9	77791243	77791357	115	58	9	100.34	38.39	0.72
chr9	86288682	86288842	161	105	9	100.32	34.9	0.72
chr1	138917191	138917450	260	70	20	267.48	130.66	0.73
chr6	91669079	91669344	266	163	32	271.02	49.06	0.74
chr7	16683406	16683719	314	146	27	273.17	68.25	0.74
chr2	19611796	19612156	361	172	30	273.28	63.99	0.75
chr4	65315547	65315755	209	90	8	94.94	46.66	0.75
chr5	8928534	8928896	363	256	25	274.5	57.59	0.75
chr8	96887899	96888151	253	154	21	95.13	10.79	0.75
chr8	127497227	127497492	266	97	11	95.04	24.61	0.75
chr1	135258510	135258971	462	191	35	274.59	32.52	0.76
chr10	80603678	80603974	297	131	14	95.16	18.28	0.76
chr13	113201539	113201680	142	58	8	95.28	38.39	0.76
chr15	96106442	96106574	133	80	9	95.38	34.13	0.76
chr19	45063229	45063516	288	56	13	95.67	17.77	0.76
chr2	163405996	163406340	345	191	25	274.73	85.32	0.76
chr3	35790229	35790403	175	95	10	96.13	25.59	0.76
chr4	144664243	144664502	260	96	13	95.5	25.59	0.76
chr4	144807889	144808095	207	121	13	95.77	25.59	0.76
chr8	49602902	49602967	66	34	5	95.18	39.99	0.76
chr8	93395362	93395588	227	91	11	95.79	21.33	0.76
chr9	43068850	43069013	164	50	9	95.94	26.66	0.76
chr9	59414901	59415194	294	190	12	96.13	27.82	0.76
chr9	74180068	74180248	181	107	9	95.46	29.08	0.76
chr1	37083219	37083480	262	54	14	96.5	24	0.77
chr1	90121046	90121372	327	87	25	96.79	12.03	0.77
chr17	30794575	30794804	230	151	27	275.92	67.19	0.77
chr18	65391290	65391567	278	96	12	96.77	21.33	0.77
chr18	76061228	76061357	130	57	10	96.56	25.59	0.77
chr3	138180817	138180948	132	57	7	96.6	46.66	0.77
chr5	37115526	37115866	341	107	13	96.41	17.06	0.77
chr5	102438734	102438907	174	63	10	96.39	34.13	0.77
chr6	23083018	23083241	224	108	11	96.43	29.86	0.77
chr7	54001393	54001540	148	93	9	96.88	34.45	0.77
chr7	151172293	151172461	169	78	11	96.15	25.59	0.77
chr9	47237888	47238017	130	56	7	96.42	54.85	0.77
chr9	60870185	60870504	320	228	13	96.36	24	0.77
chr1	193082015	193082273	259	121	29	279.63	56.35	0.78
chr13	12238861	12238969	109	55	7	97.36	59.72	0.78
chr14	65251154	65251372	219	134	11	97.53	34.13	0.78
chr15	10563171	10563508	338	161	13	96.9	17.06	0.78
chr16	35519451	35519742	292	158	28	279.63	63.53	0.78
chr18	75117936	75118189	254	117	28	277.72	67.19	0.78
chr19	30241373	30241542	170	115	10	97.44	34.13	0.78
chr2	23898426	23898618	193	140	8	97.16	63.99	0.78
chr2	116852920	116853049	130	57	7	97.12	56	0.78
chr2	178319666	178319924	259	212	12	97.1	24	0.78
chr6	39493245	39493373	129	52	10	96.91	25.59	0.78
chr7	5035322	5035510	189	133	9	97.62	38.39	0.78
chr8	124468878	124469164	287	137	13	97.42	25.59	0.78
chr9	82723392	82723492	101	51	6	97.36	51.19	0.78
chrX	70713817	70713945	129	55	10	96.91	22.4	0.78
chr1	67124460	67124615	156	77	13	97.67	21.96	0.79
chr1	135121725	135121919	195	139	13	97.67	22.46	0.79
chr11	96799210	96799438	229	163	13	97.67	26.38	0.79
chr13	108554119	108554281	163	83	13	97.67	18.77	0.79
chr15	39645167	39645437	271	54	13	97.67	20.81	0.79
chr15	94879786	94880086	301	185	26	280.5	73.83	0.79
chr17	29022267	29022466	200	88	13	97.67	20.48	0.79
chr17	45271011	45271240	230	113	13	97.67	23.55	0.79
chr18	85041349	85041496	148	92	13	97.67	20.83	0.79
chr3	57148843	57149047	205	154	13	97.67	28.86	0.79
chr3	121141033	121141272	240	189	13	97.67	24.57	0.79
chr4	49572915	49573114	200	48	13	97.67	17.92	0.79
chr4	134453160	134453488	329	49	14	97.67	16.84	0.79
chr4	137740607	137740817	211	154	14	97.67	21.6	0.79
chr5	33466440	33466643	204	120	13	97.67	20.89	0.79
chr5	53380212	53380416	205	103	12	97.65	25.59	0.79
chr5	138116035	138116265	231	72	13	97.67	26.61	0.79
chr7	30880032	30880267	236	100	13	97.67	27.18	0.79
chr8	87167021	87167303	283	177	13	97.67	25.35	0.79
chr8	113560600	113560793	194	77	14	97.67	24.83	0.79
chr1	164916411	164916626	216	100	13	97.67	19.35	0.8
chr2	122605821	122606027	207	133	13	97.67	21.19	0.8
chr8	72862191	72862497	307	179	30	280.51	54.39	0.8
chr9	70787986	70788199	214	105	13	97.67	19.17	0.8
chr1	60903785	60904037	253	87	10	97.79	31.99	0.81
chr11	87506160	87506316	157	93	9	97.75	31.99	0.81
chr13	37824413	37824634	222	106	9	97.68	37.64	0.81
chr15	88667745	88667938	194	81	10	97.94	34.45	0.81
chr15	100432153	100432340	188	131	9	97.84	31.99	0.81
chr16	9680781	9680974	194	57	8	97.75	56	0.81
chr19	28644404	28644669	266	126	21	282.03	121.32	0.81
chr2	30234623	30234826	204	58	12	97.91	25.59	0.81
chr4	122656095	122656326	232	115	24	283.75	92.14	0.81
chr7	52636893	52637017	125	69	9	97.95	34.13	0.81
chr8	36480917	36481182	266	137	10	97.85	53.88	0.81
chr15	90822875	90823160	286	165	24	285.21	89.58	0.82
chr2	172666633	172666944	312	73	26	285.49	58.65	0.83
chr8	122705988	122706290	303	187	29	285.87	40.22	0.83
chr1	72819315	72819566	252	111	15	93.11	19.2	0.84
chr10	82785573	82785733	161	99	10	93.4	34.45	0.84
chr13	24005583	24005859	277	185	36	286.05	37.22	0.84
chr15	31178258	31178396	139	58	10	93.55	25.59	0.84
chr15	38019945	38020109	165	54	8	93.6	35.55	0.84
chr19	46166292	46166428	137	82	8	93.05	34.9	0.84
chr4	40226300	40226515	216	107	14	92.94	21.33	0.84
chr4	106436981	106437166	186	83	10	93.39	34.13	0.84
chr4	150080533	150080757	225	104	11	93.09	31.99	0.84
chr5	8904351	8904448	98	50	6	93.13	45.17	0.84
chr6	87822884	87822962	79	40	5	93.13	37.64	0.84
chr6	142400222	142400370	149	63	8	93.48	38.39	0.84
chr1	155835658	155835933	276	49	11	93.88	25.59	0.85
chr10	66546669	66546882	214	65	14	93.93	30.71	0.85
chr11	50011015	50011420	406	210	42	287.02	43.3	0.85
chr11	98906877	98907034	158	104	10	93.8	25.59	0.85
chr17	4641184	4641366	183	53	10	94.12	34.13	0.85
chr17	56523432	56523641	210	57	10	94.37	24.61	0.85
chr2	152187634	152187914	281	123	11	94.28	35.83	0.85
chr4	57526502	57526713	212	162	14	94.02	19.2	0.85
chr4	139519208	139519365	158	48	9	94.18	24.61	0.85
chr5	114581692	114581913	222	149	11	93.74	20	0.85
chr5	124676615	124676937	323	95	42	287.02	35.82	0.85
chr6	121280290	121280443	154	69	10	93.68	28.44	0.85
chr7	31840986	31841167	182	110	10	94.37	34.13	0.85
chr12	81870663	81870856	194	106	9	94.52	30.47	0.86
chr15	63829385	63829524	140	57	20	289.09	102.38	0.86
chr18	15566622	15566758	137	92	8	94.8	36.56	0.86
chr4	109474119	109474299	181	94	10	94.62	25.59	0.86
chr4	117668110	117668361	252	173	14	94.58	20.48	0.86
chr6	72580293	72580584	292	153	11	94.4	31.99	0.86
chr2	19548651	19548972	322	209	29	293.19	53.57	0.87
chr11	60542752	60543084	333	164	33	294.99	49.44	0.88
chr3	28613366	28613625	260	125	24	295.27	95.98	0.88
chr1	134483256	134483684	429	237	38	297.62	57.65	0.89
chr1	179641101	179641312	212	100	9	90.86	30.47	0.9
chr11	101413589	101414041	453	299	22	90.77	21.94	0.9
chr12	8647541	8647773	233	102	8	90.86	28	0.9
chr14	47816486	47816750	265	189	30	299.38	51.19	0.9
chr1	193670538	193670825	288	144	10	91.97	31.99	0.91
chr10	96712480	96712658	179	122	22	300.64	76.78	0.91
chr11	73042450	73042601	152	57	9	91.27	26.48	0.91
chr16	21825880	21826102	223	88	13	91.67	17.92	0.91
chr18	42670882	42671113	232	118	9	91.27	26.94	0.91
chr19	5845881	5846051	171	118	11	90.97	23.27	0.91
chr19	24345755	24345984	230	138	12	91.69	28.79	0.91
chr5	22902708	22902863	156	58	8	91.75	38.39	0.91
chr6	5424001	5424331	331	214	15	91.69	28.79	0.91
chr6	144150037	144150159	123	67	7	91.73	45.17	0.91
chr8	14850560	14850756	197	107	9	91.97	34.9	0.91
chr9	54156156	54156311	156	49	7	90.97	56	0.91
chr1	157919266	157919473	208	69	12	87.4	21.29	0.92
chr10	18321937	18322086	150	58	7	92.29	56	0.92
chr10	76485265	76485506	242	77	12	87.4	24.78	0.92
chr10	128133409	128133695	287	129	12	87.4	25.71	0.92
chr11	53271238	53271448	211	143	12	87.4	18.9	0.92
chr11	118263080	118263510	431	287	21	87.24	12.8	0.92
chr13	25035232	25035482	251	158	12	87.4	25.7	0.92
chr13	110671459	110671714	256	116	12	87.4	19.66	0.92
chr14	12698365	12698588	224	168	12	87.4	25.8	0.92
chr14	26271667	26271860	194	51	13	87.4	19.86	0.92
chr14	47824945	47825212	268	182	13	87.4	20.58	0.92
chr14	60041871	60042061	191	112	12	87.4	22	0.92
chr15	36538973	36539148	176	95	8	87.24	31.99	0.92
chr15	78662174	78662417	244	138	12	87.4	24.98	0.92
chr16	30008617	30008868	252	196	13	87.4	25.8	0.92
chr16	90737019	90737239	221	133	13	92.16	15.36	0.92
chr18	13130549	13130758	210	153	12	87.4	24.19	0.92
chr19	55213827	55213973	147	55	8	92.15	36.56	0.92
chr19	56453404	56453728	325	156	12	87.4	20.8	0.92
chr2	69181023	69181179	157	103	13	87.4	14.06	0.92
chr2	147073099	147073361	263	134	14	92.09	15.36	0.92
chr2	157362290	157362565	276	189	12	87.4	21.19	0.92
chr2	166068430	166068651	222	58	12	87.4	22.73	0.92
chr3	107568992	107569186	195	49	9	92.39	34.9	0.92
chr3	115485650	115485777	128	57	7	92.43	47.99	0.92
chr4	45466514	45466693	180	64	12	87.4	13.82	0.92
chr4	59594520	59594704	185	106	12	87.4	23.68	0.92
chr4	132894500	132894582	83	42	6	92.38	29.53	0.92
chr4	141484943	141485122	180	127	9	92.1	42.66	0.92
chr5	31495017	31495277	261	147	12	87.4	23.38	0.92
chr5	116473510	116473650	141	58	12	87.4	18.04	0.92
chr5	149411863	149412122	260	111	12	87.4	26.62	0.92
chr6	23071805	23072032	228	131	12	87.4	17.51	0.92
chr6	38803832	38804025	194	56	12	87.4	19.86	0.92
chr6	66895077	66895290	214	46	10	87.14	21.33	0.92
chr6	121925796	121926040	245	157	12	87.4	25.08	0.92
chr6	133989535	133989684	150	53	12	87.4	17.28	0.92
chr6	135509793	135510005	213	55	10	87.34	29.86	0.92
chr6	139826356	139826682	327	210	14	92.4	25.59	0.92
chr7	52853122	52853302	181	126	12	87.4	13.9	0.92
chr7	151207761	151208013	253	138	12	87.4	25.9	0.92
chr8	27121880	27122029	150	80	7	92.29	37.33	0.92
chr8	77557828	77558047	220	181	12	87.4	16.89	0.92
chr9	45010386	45010621	236	104	25	301.65	79.98	0.92
chr9	69161217	69161400	184	113	12	87.4	18.84	0.92
chr9	97205994	97206144	151	107	7	92.06	37.33	0.92
chr9	103141886	103142099	214	53	10	87.14	21.33	0.92
chrX	11336206	11336390	185	56	12	87.4	23.68	0.92
chr1	52906378	52906519	142	90	9	92.68	29.86	0.93
chr11	77328282	77328498	217	113	14	92.67	21.33	0.93
chr13	115713634	115713855	222	140	8	92.68	46.66	0.93
chr14	32247060	32247367	308	159	17	92.77	15.77	0.93
chr14	117783330	117783543	214	109	9	92.48	38.39	0.93
chr16	13190562	13190897	336	188	28	305.66	58.65	0.93
chr19	47443535	47443771	237	86	9	92.62	35.55	0.93
chr4	123264993	123265206	214	70	9	92.48	38.39	0.93
chr5	8885931	8886079	149	52	7	92.51	56	0.93
chr6	91609731	91610030	300	135	17	92.77	15.36	0.93
chr7	54094274	54094633	360	206	18	92.77	23.04	0.93
chr7	150943616	150943857	242	152	17	92.77	12.39	0.93
chr8	12715980	12716169	190	138	10	92.44	29.86	0.93
chr8	96958216	96958366	151	55	12	92.48	19.2	0.93
chr9	106060487	106060901	415	243	32	304.66	55.46	0.93
chr13	35243513	35243763	251	142	30	306.38	63.99	0.94
chr14	120931888	120932022	135	52	7	92.81	51.19	0.94
chr9	30837681	30837953	273	134	13	92.81	25.59	0.94
chr1	13364446	13364659	214	86	12	87.4	24.65	0.95
chr17	46009272	46009509	238	98	12	87.4	27.41	0.95
chr18	61835318	61835514	197	140	12	87.4	25.21	0.95
chr2	31320210	31320430	221	107	27	306.73	79.98	0.95
chr2	77008961	77009106	146	48	8	87.41	37.33	0.95
chr3	65170240	65170536	297	137	12	87.4	26.61	0.95
chr4	107898135	107898305	171	118	12	87.4	19.7	0.95
chr9	70782611	70782829	219	54	12	87.4	22.42	0.95
chr1	133443535	133443819	285	128	14	87.44	17.92	0.96
chr10	26577392	26577673	282	180	30	306.89	61.35	0.96
chr11	114423823	114423906	84	43	5	87.66	31.99	0.96
chr12	17246241	17246338	98	50	6	87.66	38.39	0.96
chr12	114379537	114379950	414	144	16	87.51	13.91	0.96
chr14	121791284	121791384	101	51	6	87.66	38.39	0.96
chr18	33496942	33497089	148	58	7	87.55	39.99	0.96
chr2	157919067	157919361	295	150	20	87.66	15.1	0.96
chr5	80929862	80929938	77	39	5	87.66	31.99	0.96
chr8	36087622	36087703	82	42	5	87.66	31.99	0.96
chr8	36481251	36481425	175	121	9	87.46	38.39	0.96
chr8	108332521	108332681	161	114	9	87.52	29.86	0.96
chr9	42126155	42126237	83	42	5	87.66	31.99	0.96
chr13	75936440	75936629	190	56	8	88.32	35.55	0.97
chr16	4670411	4670634	224	173	10	88.17	22.85	0.97
chr2	156265469	156265730	262	119	11	88.06	16	0.97
chr2	160072253	160072365	113	57	9	88.46	28.79	0.97
chr3	122807378	122807644	267	139	33	308	51.19	0.97
chr4	70164983	70165154	172	58	7	87.69	56	0.97
chr4	141469958	141470254	297	101	13	88.2	16	0.97
chr5	117825035	117825192	158	77	9	88.29	29.86	0.97
chr5	140656051	140656153	103	52	8	88.46	25.59	0.97
chr8	63013780	63014015	236	121	9	88.46	38.39	0.97
chr9	63916448	63916564	117	63	9	88.46	25.59	0.97
chr9	102674602	102674692	91	46	7	88.46	22.4	0.97
chr1	67125379	67125561	183	129	7	84.91	45.7	0.98
chr1	75018359	75018580	222	111	10	85.51	25.59	0.98
chr1	89971163	89971339	177	71	8	88.95	26.94	0.98
chr11	100690340	100690591	252	114	11	89.16	24.77	0.98
chr11	101529233	101529494	262	117	12	85.01	22.4	0.98
chr12	8836674	8836794	121	56	7	85.19	36.56	0.98
chr13	38618183	38618373	191	99	10	89.32	24	0.98
chr13	55820925	55821137	213	161	11	85.02	22.4	0.98
chr13	96652128	96652309	182	102	9	85.33	31.99	0.98
chr13	99630909	99631004	96	49	6	89.39	40.41	0.98
chr15	94412930	94413056	127	40	7	85.2	38.39	0.98
chr15	101114275	101114445	171	121	8	84.77	34.9	0.98
chr15	102016755	102017038	284	55	12	85.02	21.33	0.98
chr19	45516475	45516566	92	47	6	89.39	40.41	0.98
chr19	47065656	47065815	160	111	7	89.42	45.7	0.98
chr2	38994762	38994921	160	55	7	89.42	45.7	0.98
chr2	167590704	167590963	260	52	11	89.24	17.06	0.98
chr4	154591586	154591817	232	149	11	88.7	26.35	0.98
chr5	144167055	144167258	204	151	10	89.26	29.86	0.98
chr6	85212958	85213237	280	132	10	85.11	26.66	0.98
chr7	75430678	75430922	245	85	30	309.5	73.58	0.98
chr7	118035264	118035488	225	83	10	84.91	21.33	0.98
chr8	15003340	15003466	127	56	7	85.2	38.39	0.98
chr1	138931231	138931395	165	54	8	89.65	31.99	0.99
chr10	75227126	75227334	209	101	9	85.98	26.66	0.99
chr10	80127460	80127642	183	49	8	85.79	38.39	0.99
chr10	99950089	99950212	124	67	7	86	38.39	0.99
chr11	60166629	60166754	126	52	9	85.78	25.59	0.99
chr13	12634527	12634735	209	52	9	85.98	31.99	0.99
chr13	69402866	69403048	183	129	8	85.79	38.39	0.99
chr15	10109250	10109440	191	138	9	89.66	42.66	0.99
chr15	58875401	58875657	257	49	13	85.99	16	0.99
chr16	35456935	35457028	94	48	7	89.61	31.99	0.99
chr16	78268498	78268663	166	58	8	89.43	38.39	0.99
chr17	85439685	85439836	152	58	8	85.91	37.33	0.99
chr18	80468335	80468544	210	153	9	85.78	31.99	0.99
chr19	38446939	38447181	243	138	29	309.92	71.1	0.99
chr19	56605850	56605930	81	41	6	89.61	27.42	0.99
chr2	127615658	127615946	289	149	13	89.69	22.4	0.99
chr4	81435299	81435465	167	88	8	85.65	29.08	0.99
chr4	141115924	141116182	259	152	11	89.42	29.86	0.99
chr5	73696843	73697062	220	84	8	89.65	34.13	0.99
chr5	147488571	147488656	86	44	6	89.61	27.42	0.99
chr8	42324854	42325074	221	72	10	85.71	21.33	0.99
chr1	75165660	75165929	270	125	14	90.57	17.92	1
chr10	66484468	66484637	170	72	8	90.46	33.68	1
chr10	69333259	69333438	180	48	7	86.16	46.66	1
chr10	79792307	79792610	304	119	13	89.73	23.57	1
chr11	69808899	69809096	198	108	9	86.52	35.83	1
chr13	108681581	108681742	162	55	8	86.78	29.08	1
chr14	70949138	70949338	201	79	10	89.92	25.59	1
chr15	58818097	58818513	417	131	17	89.98	15.36	1
chr16	17656347	17656564	218	138	10	86.31	34.13	1
chr19	23561984	23562200	217	53	10	86.52	21.33	1
chr2	179027206	179027483	278	233	11	86.03	21.33	1
chr4	53250918	53251036	119	58	8	86.72	29.86	1
chr5	113387340	113387580	241	97	10	89.96	25.59	1
chr6	5361009	5361367	359	90	34	310.45	44.79	1
chr6	81936776	81936966	191	79	11	90.23	25.59	1
chr6	127989469	127989634	166	71	9	86.27	29.86	1
chr7	31504877	31505076	200	83	10	90.15	17.06	1
chr9	25135649	25135813	165	84	9	86.52	25.59	1
chr9	45842744	45842919	176	54	7	86.22	36.56	1
chr9	46067157	46067409	253	91	10	86.06	24.61	1
chr10	75300150	75300408	259	149	25	311.47	76.78	1.01
chr12	113726587	113726838	252	102	12	87	19.2	1.01
chr13	56455375	56455617	243	173	13	86.98	15.36	1.01
chr15	25563490	25563677	188	103	9	87.03	24.61	1.01
chr5	123250393	123250673	281	140	13	86.81	28.44	1.01
chr2	103686435	103686758	324	230	33	312.16	57.59	1.02
chr3	51037416	51037736	321	140	27	312.37	91.41	1.03
chr8	18215949	18216165	217	147	24	314.43	76.78	1.04
chr1	9621732	9621978	247	108	26	316.88	89.03	1.05
chr13	102467922	102468223	302	203	28	318.64	85.32	1.06
chr1	193704888	193705139	252	64	31	319.66	73.58	1.08
chr8	121954153	121954499	347	76	33	320.73	57.73	1.09
chr9	22029994	22030166	173	116	24	321.17	127.97	1.1
chr19	23210105	23210516	412	177	34	322.78	43.99	1.11
chr14	55698462	55698712	251	114	27	325.65	122.64	1.12
chr15	60932413	60932693	281	149	27	328.09	91.41	1.14
chr14	63831010	63831439	430	225	35	329.57	55.99	1.15
chr4	44117107	44117429	323	160	40	333.01	45.47	1.16
chr2	172516427	172516654	228	137	32	334.7	64.19	1.18
chr4	137621789	137622042	254	162	29	335.99	59.42	1.19
chr16	18711828	18712156	329	119	30	337.52	90.65	1.2
chr6	31347433	31347656	224	121	26	338.46	97.5	1.22
chr2	4823204	4823556	353	232	42	345.02	63.24	1.23
chr1	162917436	162917653	218	98	29	346.59	55.46	1.25
chr2	167144477	167144892	416	201	39	346.8	57.25	1.27
chr11	96838953	96839279	327	121	33	348.8	66.96	1.28
chr11	99021557	99021879	323	133	33	348.8	66.14	1.28
chr14	69881033	69881328	296	206	30	351.31	74.65	1.32
chr19	5489350	5489608	259	170	30	353.03	90.65	1.33
chr11	117144924	117145188	265	134	34	354.5	79.98	1.35
chr7	147372618	147372881	264	163	34	363.02	74.33	1.37
chr4	46882997	46883384	388	54	35	364.9	54.85	1.39
chr13	60769497	60769773	277	167	32	364.99	101.5	1.41
chr3	133180436	133180662	227	121	30	365.87	73.13	1.43
chr13	39756512	39756733	222	137	25	368.01	164.54	1.45
chr12	21701790	21701876	87	44	5	84.67	46.66	1.84
chr12	58998895	58999083	189	87	8	84.59	25.59	1.84
chr12	79862135	79862227	93	47	5	84.67	46.66	1.84
chr16	32003179	32003447	269	108	11	84.53	16	1.84
chr16	49019994	49020100	107	54	6	84.67	56	1.84
chr2	131980441	131980535	95	48	5	84.67	46.66	1.84
chr2	160697180	160697272	93	47	5	84.67	46.66	1.84
chr3	36806334	36806426	93	47	5	84.67	46.66	1.84
chr5	108601720	108601817	98	50	5	84.67	46.66	1.84
chr6	69466315	69466399	85	43	5	84.67	46.66	1.84
chr7	82025953	82026038	86	44	5	84.67	46.66	1.84
chr7	113622781	113622869	89	45	5	84.67	46.66	1.84
chr9	70424795	70424879	85	43	5	84.67	46.66	1.84
chr9	115515942	115516030	89	45	5	84.67	46.66	1.84
chr3	24022122	24022298	177	122	9	83.65	21.33	1.88
chr1	107253510	107253738	229	139	11	84.01	20.21	1.89
chr11	109570917	109571092	176	70	9	83.88	29.86	1.89
chr12	112752726	112752978	253	196	14	83.82	12.8	1.89
chr17	46575567	46575822	256	104	8	84.01	42.66	1.89
chr18	46893488	46893670	183	51	8	83.98	24.38	1.89
chr18	84673832	84673925	94	48	5	84.05	45.7	1.89
chr3	139136412	139136507	96	49	5	84.05	45.7	1.89
chr6	49092595	49092691	97	49	5	84.05	45.7	1.89
chr1	130723134	130723296	163	73	7	84.32	39.99	1.9
chr1	187316191	187316310	120	73	6	84.17	46.66	1.9
chr11	52210501	52210791	291	156	15	84.37	14.93	1.9
chr17	8471346	8471519	174	117	9	84.35	21.33	1.9
chr8	17603319	17603535	217	77	11	84.13	16	1.9
chr1	192028605	192028837	233	137	17	84.41	17.89	1.91
chr11	80623287	80623642	356	208	17	84.41	15.95	1.91
chr13	111455642	111455947	306	134	16	84.41	15.66	1.91
chr14	32906922	32907200	279	123	16	84.41	14.28	1.91
chr15	85758678	85758971	294	126	16	84.41	16.93	1.91
chr16	76348050	76348202	153	98	16	84.41	12.73	1.91
chr18	64792635	64792904	270	190	16	84.41	13.82	1.91
chr4	46618391	46618659	269	80	16	84.41	13.77	1.91
chr7	29329411	29329603	193	97	16	84.41	14.82	1.91
chr8	73988717	73988995	279	116	16	84.41	17.85	1.91
chr10	94747856	94747934	79	40	5	84.47	29.08	1.92
chr14	73537169	73537381	213	77	10	84.48	16	1.92
chr1	51972723	51972854	132	54	8	82.87	25.59	1.94
chr11	100677795	100677893	99	50	6	82.99	33.38	1.94
chr15	62575603	62575697	95	48	6	82.99	33.38	1.94
chr15	85550780	85551050	271	55	9	82.82	25.59	1.94
chr5	97485932	97486201	270	128	9	82.97	31.99	1.94
chr5	138168055	138168317	263	82	13	82.7	17.92	1.94
chr8	86422384	86422464	81	41	5	82.99	27.82	1.94
chr9	47241361	47241443	83	42	5	82.99	27.82	1.94
chr17	13200690	13200911	222	131	11	83.05	22.4	1.95
chr17	48238018	48238186	169	52	7	83.11	47.99	1.95
chr5	31339007	31339147	141	56	10	82.99	20.48	1.95
chr7	52252621	52252751	131	68	8	83.15	25.59	1.95
chr7	146654011	146654141	131	55	8	83.15	29.86	1.95
chr1	39639365	39639485	121	64	6	83.31	45.7	1.96
chr10	67919849	67919983	135	56	7	83.16	38.39	1.96
chr15	29293283	29293478	196	119	7	83.31	37.33	1.96
chr16	64851630	64851753	124	71	6	83.2	46.66	1.96
chr9	116247376	116247625	250	144	10	83.31	22.85	1.96
chr8	107115874	107116168	295	56	13	83.4	20.36	1.97
chr9	58564776	58564953	178	114	9	83.43	25.59	1.97
chr12	27145142	27145378	237	120	10	82.62	17.06	2.02
chr9	25137011	25137172	162	124	7	82.5	45.17	2.02
chr9	60830226	60830462	237	109	10	82.62	25.59	2.02
chr5	116895788	116896010	223	108	10	82.46	20	2.1
chr7	36133463	36133565	103	52	7	82.38	26.35	2.1
chr8	95673455	95673593	139	56	7	82.19	38.39	2.17
chr8	125091751	125091876	126	74	7	82.28	34.9	2.17
chr10	82764518	82764700	183	90	9	82.3	21.33	2.18
chr14	30825489	30825624	136	87	9	80.69	21.33	2.18
chr2	152223811	152223978	168	115	8	80.69	25.59	2.18
chr6	128581284	128581485	202	150	7	82.31	37.33	2.18
chr14	55634014	55634202	189	137	9	80.99	29.86	2.19
chr17	5010830	5010991	162	115	9	80.99	21.94	2.19
chr17	46592304	46592445	142	57	9	80.92	25.59	2.19
chr4	34934521	34934766	246	104	10	80.98	29.86	2.19
chr4	134314353	134314591	239	127	10	80.81	28.9	2.19
chr5	132269441	132269651	211	78	7	80.86	37.33	2.19
chr12	81204399	81204607	209	158	7	81.17	37.33	2.2
chr13	99638337	99638480	144	87	7	81.01	38.39	2.2
chr14	70977827	70978071	245	138	10	81.16	25.59	2.2
chr5	99713483	99713614	132	78	6	81.35	46.66	2.2
chr6	120259537	120259716	180	132	7	81.01	39.99	2.2
chr1	44004923	44005089	167	93	7	81.49	37.64	2.21
chr16	70314851	70315065	215	123	9	81.57	29.53	2.21
chr4	40128765	40128979	215	89	10	81.4	22.58	2.21
chr6	121046532	121046696	165	119	9	81.42	18.82	2.21
chr7	105498446	105498669	224	54	13	81.53	14.93	2.21
chr9	101208873	101209153	281	183	11	81.42	24.61	2.21
chr1	82177170	82177300	131	89	6	81.58	46.66	2.22
chr10	127059170	127059393	224	155	12	81.64	15.36	2.22
chr2	85093842	85093972	131	93	6	81.58	37.33	2.22
chr3	52272332	52272514	183	118	11	81.63	23.04	2.22
chr7	53821842	53822040	199	81	9	81.7	22.85	2.22
chr1	50739892	50740021	130	87	6	81.8	46.66	2.23
chr10	66108467	66108596	130	33	6	81.8	37.33	2.23
chr12	71808532	71808756	225	102	14	81.73	14.63	2.23
chr4	45591525	45591728	204	116	8	81.76	25.59	2.23
chr6	112996060	112996264	205	128	7	81.82	46.66	2.23
chr9	36575197	36575401	205	125	7	81.82	46.66	2.23
chr9	102882884	102883134	251	100	10	80.1	25.59	2.23
chr1	142557761	142557854	94	48	5	80.11	39.99	2.24
chr11	102611167	102611269	103	52	6	80.11	47.99	2.24
chr15	44678665	44678839	175	56	7	81.95	39.99	2.24
chr15	51624952	51625037	86	44	5	80.11	39.99	2.24
chr2	79809873	79810041	169	55	8	81.98	26.66	2.24
chr2	146699739	146699865	127	76	6	81.88	45.7	2.24
chr3	118428637	118428731	95	48	5	80.11	39.99	2.24
chr4	55177616	55177702	87	44	5	80.11	39.99	2.24
chr6	52259739	52259913	175	118	7	81.95	31.99	2.24
chr7	134792808	134792963	156	118	7	81.85	35.55	2.24
chr8	91980497	91980644	148	104	7	80.1	38.39	2.24
chr12	29485895	29486026	132	61	8	80.48	24	2.25
chr16	10525290	10525516	227	146	11	81.99	16	2.25
chr16	42876951	42877048	98	50	6	82.01	51.19	2.25
chr17	5005332	5005561	230	173	13	80.12	17.06	2.25
chr17	84480217	84480409	193	139	8	80.29	40.72	2.25
chr4	140008625	140008820	196	96	7	80.33	34.13	2.25
chr5	24456813	24456996	184	51	8	82.05	29.08	2.25
chr6	42301915	42302153	239	100	19	80.39	12.23	2.25
chr6	91490554	91490648	95	48	5	82.01	42.66	2.25
chr9	43071234	43071409	176	81	8	82.05	27.82	2.25
chr1	155001773	155001896	124	54	6	80.55	42.66	2.26
chr13	95211318	95211450	133	81	7	80.48	34.9	2.26
chr7	30119303	30119541	239	108	9	80.52	31.99	2.26
chr7	152229347	152229736	390	118	12	80.56	16	2.26
chr1	66597517	66597661	145	51	8	79.4	21.33	2.37
chr1	154750443	154750593	151	49	7	79.43	25.59	2.37
chr10	78996026	78996152	127	55	10	79.58	19.2	2.37
chr12	21574456	21574596	141	55	6	79.41	37.33	2.37
chr16	47171920	47172107	188	54	7	79.57	24	2.37
chr1	58128431	58128722	292	150	10	79.74	29.53	2.38
chr10	103859673	103859812	140	85	6	79.62	46.66	2.38
chr16	91413109	91413275	167	114	7	79.59	35.55	2.38
chr19	47524923	47525186	264	143	11	79.84	14.22	2.38
chr4	133952071	133952288	218	104	7	79.77	37.33	2.38
chr6	47416617	47416788	172	115	8	79.82	35.83	2.38
chr14	108946342	108946479	138	39	6	80.04	46.66	2.39
chr16	33379686	33379922	237	122	11	79.96	16	2.39
chr3	129252609	129252751	143	82	8	79.91	25.59	2.39
chr5	110523755	110523890	136	44	6	79.86	45.7	2.39
chr12	87126496	87126655	160	43	7	79.21	26.94	2.44
chr18	10174178	10174374	197	141	9	79.32	25.59	2.44
chr19	60965523	60965757	235	161	12	79.23	17.92	2.44
chr6	124356406	124356553	148	102	9	79.25	25.59	2.44
chr10	39711163	39711384	222	85	8	78.64	25.59	2.48
chr11	69327148	69327369	222	109	8	78.64	25.59	2.48
chr4	137432830	137433014	185	105	8	78.64	26.66	2.48
chr7	80745886	80746033	148	49	8	78.64	29.86	2.48
chr9	14866902	14867073	172	49	7	78.61	28.44	2.48
chr14	52867878	52868024	147	102	7	78.7	36.56	2.49
chr16	8566666	8566818	153	100	8	78.67	26.48	2.49
chr5	145131853	145131986	134	49	7	78.76	33.38	2.49
chr10	79556966	79557159	194	78	10	78.78	16	2.5
chr13	41331393	41331485	93	47	6	78.91	29.53	2.5
chr15	38177668	38177744	77	39	5	78.91	24.61	2.5
chr15	88706290	88706390	101	51	6	78.91	29.53	2.5
chr6	124463390	124463487	98	50	6	78.91	29.53	2.5
chr9	30631821	30631928	108	55	7	78.91	34.45	2.5
chr10	39844969	39845113	145	94	7	79.16	30.47	2.51
chr2	103441364	103441562	199	147	8	79.16	40.72	2.51
chr3	97560611	97560756	146	82	8	79.14	21.33	2.51
chr4	57154915	57155051	137	81	8	79.11	27.99	2.51
chr11	70332469	70332677	209	121	7	78.19	34.13	2.54
chr12	113462248	113462493	246	70	11	78.21	16	2.54
chr4	117650511	117650756	246	136	10	78.16	24	2.54
chr8	129260457	129260702	246	166	11	78.21	19.2	2.54
chr13	96625569	96625717	149	58	8	78.4	25.59	2.55
chr17	4868596	4868700	105	53	6	78.33	45.17	2.55
chr3	10315674	10315857	184	137	9	78.23	23.27	2.55
chrX	97650665	97650810	146	71	6	78.39	37.33	2.55
chr19	56594135	56594279	145	54	7	78.59	46.66	2.56
chr2	70859304	70859446	143	70	7	78.08	29.08	2.85
chr1	41616203	41616450	248	144	11	77.45	22.22	2.9
chr1	174057714	174057934	221	88	11	77.45	16.97	2.9
chr11	22187325	22187551	227	86	8	77.82	31.99	2.9
chr11	86409842	86410021	180	57	11	77.45	20.73	2.9
chr12	86288916	86289139	224	63	11	77.45	17.2	2.9
chr12	111482907	111483131	225	54	11	77.45	17.28	2.9
chr13	60788533	60788702	170	47	11	77.45	13.05	2.9
chr13	69716095	69716310	216	70	8	77.86	24.38	2.9
chr14	26001074	26001232	159	56	12	77.45	18.31	2.9
chr15	37882189	37882438	250	50	11	77.45	19.2	2.9
chr15	53055784	53055942	159	106	11	77.45	16.28	2.9
chr17	87012840	87013111	272	80	11	77.45	13.92	2.9
chr18	36719811	36720022	212	158	11	77.45	18.99	2.9
chr19	7234579	7234826	248	141	11	77.83	22.4	2.9
chr2	27416284	27416436	153	57	8	77.42	21.33	2.9
chr2	91669824	91670016	193	138	11	77.45	19.76	2.9
chr4	63222896	63223125	230	82	11	77.45	17.66	2.9
chr5	138086868	138087066	199	68	11	77.45	22.92	2.9
chr6	48616272	48616479	208	74	11	77.45	18.63	2.9
chr6	85799184	85799483	300	113	11	77.45	19.2	2.9
chr7	15110708	15110936	229	107	11	77.45	23.44	2.9
chr7	26052940	26053226	287	241	13	77.45	22.04	2.9
chr7	104878931	104879119	189	49	8	77.86	26.66	2.9
chr8	36269421	36269581	161	110	11	77.45	16.48	2.9
chr8	124914774	124914922	149	64	11	77.45	15.25	2.9
chr9	47240831	47241055	225	109	11	77.45	14.4	2.9
chr11	43652994	43653194	201	80	12	77.92	14.93	2.91
chr5	135102572	135102722	151	94	8	77.9	29.86	2.91
chr7	146064681	146064860	180	130	9	77.91	30.11	2.91
chr7	150938068	150938348	281	163	14	77.88	17.06	2.91
chr1	164828373	164828499	127	73	6	77.95	39.99	2.92
chr18	11987123	11987310	188	122	10	78.02	21.33	2.92
chr8	91621326	91621522	197	141	8	78.01	47.99	2.92
chr15	78678960	78679165	206	109	11	77.45	18.45	2.95
chr17	43464186	43464382	197	143	11	77.45	15.13	2.95
chr2	27480608	27480845	238	57	11	77.45	15.23	2.95
chr4	132030576	132030782	207	108	11	77.45	18.54	2.95
chr6	136864305	136864520	216	121	11	77.45	22.11	2.95
chr8	72653528	72653700	173	82	12	77.45	17.71	2.95
chr13	38780708	38780956	249	124	10	77.63	24	2.96
chr2	155446158	155446408	251	114	11	77.26	19.2	2.96
chr8	129350236	129350473	238	51	9	77.47	19.69	2.96
chr11	120390360	120390511	152	95	8	77.66	21.33	2.97
chr13	16497093	16497243	151	103	6	77.4	46.66	2.97
chr14	31758100	31758270	171	42	9	77.67	21.33	2.97
chr14	121231163	121231467	305	190	12	77.34	12.8	2.97
chr15	79157936	79158140	205	148	9	77.71	29.86	2.97
chr19	12039718	12039947	230	95	8	77.34	19.2	2.97
chr6	81937064	81937255	192	136	9	77.75	27.99	2.97
chr7	127317404	127317564	161	58	8	77.31	25.59	2.97
chr1	58158723	58158802	80	41	5	76.45	22.85	2.98
chr15	79520841	79520932	92	47	6	76.45	27.42	2.98
chr5	36529489	36529578	90	46	6	76.45	27.42	2.98
chr11	72365348	72365530	183	134	7	76.56	42.66	2.99
chr18	60765777	60766029	253	99	9	76.59	20.48	2.99
chr2	145501629	145501916	288	191	10	76.52	23.27	2.99
chr14	65370469	65370558	90	46	5	76.65	35.55	3
chr17	69913611	69913706	96	49	5	76.65	35.55	3
chr2	167157733	167157993	261	156	11	76.62	19.69	3
chr6	71350647	71350735	89	45	5	76.65	35.55	3
chr1	167559393	167559549	157	52	9	76.87	19.2	3.01
chr16	37864555	37864695	141	72	6	76.77	34.13	3.01
chr7	20276900	20277136	237	168	13	76.77	12.38	3.01
chr8	97219521	97219730	210	125	9	76.74	21.33	3.01
chr8	127905718	127905843	126	51	7	76.74	29.53	3.01
chr12	8786680	8786851	172	115	8	76.99	28.44	3.02
chr17	25014988	25015200	213	158	11	76.94	20.21	3.02
chr3	52404960	52405191	232	156	9	77.02	38.39	3.02
chr7	106289798	106290038	241	117	9	76.96	24.61	3.02
chr10	77756349	77756591	243	74	15	76.29	9.33	3.03
chr13	47145445	47145718	274	128	10	76.27	21.33	3.03
chr14	35176320	35176514	195	138	9	77.13	31.99	3.03
chr15	88658447	88658650	204	132	15	76.29	13.05	3.03
chr16	8597707	8597964	258	138	15	76.29	11.56	3.03
chr19	10201480	10201732	253	55	15	76.29	9.71	3.03
chr19	38266020	38266173	154	51	8	77.18	21.33	3.03
chr2	30125591	30125755	165	111	8	77.18	22.85	3.03
chr2	75450558	75450711	154	101	8	77.18	21.33	3.03
chr3	97560813	97561082	270	161	16	76.29	10.37	3.03
chr8	112506458	112506611	154	56	8	77.18	25.59	3.03
chr8	124473915	124474200	286	56	15	76.29	10.98	3.03
chr15	39642784	39642998	215	117	8	76.32	29.08	3.04
chr17	31432466	31432753	288	174	15	76.29	9.21	3.04
chr11	5950304	5950417	114	58	8	76.4	25.59	3.05
chr12	3860196	3860274	79	40	6	76.4	19.2	3.05
chr12	114380264	114380501	238	75	11	76.37	23.81	3.05
chr6	141794897	141795132	236	82	8	76.4	25.59	3.05
chr7	128178004	128178085	82	42	6	76.4	19.2	3.05
chr10	110773205	110773414	210	131	7	75.9	39.99	3.14
chr12	87165756	87165923	168	54	7	75.9	25.59	3.14
chr14	35171016	35171175	160	55	7	75.9	36.56	3.14
chr11	107238661	107238869	209	58	12	75.97	14.93	3.15
chr14	33000577	33000712	136	58	6	75.94	39.99	3.15
chr5	64343337	64343535	199	122	8	75.96	21.33	3.15
chr10	127049270	127049517	248	89	13	76.11	12.8	3.16
chr17	13118137	13118256	120	63	6	76.16	35.55	3.16
chr7	128005765	128005916	152	105	7	76.06	29.08	3.16
chr9	42954853	42954991	139	51	7	76.14	31.99	3.16
chr17	63531161	63531356	196	79	8	76.18	37.64	3.17
chr7	27965130	27965342	213	91	9	76.18	21.33	3.17
chr15	67255533	67255809	277	155	10	75.8	21.33	3.21
chr3	116059500	116059670	171	91	8	75.87	22.85	3.21
chr5	66527177	66527311	135	52	7	75.75	20.48	3.21
chr9	48545638	48545797	160	82	8	75.78	21.33	3.21
chr9	44296480	44296823	344	149	13	75.21	17.45	3.24
chr11	77328952	77329242	291	195	13	75.22	17.23	3.25
chr5	33016003	33016220	218	132	9	75.25	29.86	3.25
chr5	120940816	120941062	247	120	10	75.34	22.58	3.25
chr6	136444889	136445036	148	98	6	75.35	34.13	3.25
chr10	5612269	5612425	157	118	7	75.64	54.85	3.26
chr13	52118030	52118289	260	58	11	75.62	19.2	3.26
chr17	25014752	25014872	121	73	8	75.48	22.4	3.26
chr19	38199940	38200061	122	37	7	75.35	27.42	3.26
chr4	15006670	15006826	157	50	6	75.64	45.7	3.26
chr11	8410380	8410567	188	91	7	75.66	35.55	3.27
chr17	62972736	62972895	160	51	6	75.7	46.66	3.27
chr8	47448391	47448550	160	50	6	75.7	37.33	3.27
chrX	129744938	129745097	160	57	6	75.7	46.66	3.27
chr10	77822948	77823120	173	119	7	74.93	31.99	3.28
chr11	101561904	101562036	133	57	6	74.82	37.64	3.28
chr12	105125623	105125786	164	89	6	74.97	37.33	3.28
chr14	21113721	21113926	206	152	9	74.93	20	3.28
chr14	77434426	77434538	113	57	6	75.06	40.41	3.29
chr14	121873301	121873475	175	108	8	75.03	18.28	3.29
chr18	42671136	42671209	74	38	5	75.06	33.68	3.29
chr2	143835193	143835411	219	79	9	75.06	21.33	3.29
chr9	62939123	62939375	253	205	13	75.05	12.8	3.29
chr10	19784415	19784665	251	123	7	75.11	37.33	3.3
chr11	43609609	43609748	140	108	6	75.09	39.99	3.3
chr8	3463376	3463568	193	120	9	75.11	18.82	3.3
chr10	27308839	27309001	163	108	6	75.15	37.33	3.31
chr10	111063183	111063397	215	107	7	75.12	31.99	3.31
chr13	110292746	110292917	172	41	7	75.12	25.59	3.31
chr2	160158483	160158693	211	100	10	75.12	16	3.31
chr11	32540817	32540982	166	112	8	74.43	29.86	3.38
chr2	90640424	90640590	167	78	6	74.44	37.33	3.38
chr3	132121995	132122161	167	111	6	74.44	37.33	3.38
chr4	109329991	109330157	167	58	6	74.44	37.33	3.38
chr19	46273424	46273645	222	103	9	74.52	17.06	3.39
chr4	106266097	106266318	222	168	9	74.52	25.59	3.39
chr5	151386283	151386504	222	132	9	74.52	25.59	3.39
chr2	122104574	122104748	175	131	7	74.55	25.59	3.4
chr4	97921160	97921322	163	53	6	74.55	36.56	3.4
chr5	36916849	36917003	155	103	8	74.58	24	3.4
chr9	118375385	118375536	152	48	6	74.57	42.66	3.4
chr12	60140813	60141033	221	127	9	74.7	17.06	3.41
chr13	43992521	43992685	165	82	6	74.8	37.33	3.41
chr14	63785601	63785766	166	82	9	74.64	19.2	3.41
chr2	129038403	129038638	236	112	8	74.61	36.56	3.41
chr8	41971416	41971549	134	57	7	74.7	29.53	3.41
chr12	63944338	63944508	171	54	6	73.75	37.33	3.43
chr13	41291479	41291634	156	114	7	73.73	33.38	3.43
chr2	67692454	67692624	171	132	6	73.75	37.33	3.43
chr3	5576319	5576538	220	70	14	74.3	18.28	3.43
chr5	151239631	151239757	127	52	8	73.71	22.4	3.43
chr9	24175561	24175731	171	115	6	73.75	37.33	3.43
chr11	43705038	43705260	223	119	9	74.34	25.59	3.44
chr11	94072725	94072900	176	138	7	74.36	25.59	3.44
chr12	103282203	103282362	160	95	7	74.36	29.08	3.44
chr14	63456973	63457151	179	125	7	73.81	25.59	3.44
chr15	37065473	37065695	223	116	9	74.34	21.33	3.44
chr7	119428941	119429103	163	55	7	73.75	29.08	3.44
chrX	70813810	70813978	169	90	8	73.78	21.33	3.44
chr15	52944616	52944745	130	53	6	73.81	35.55	3.45
chr15	58635871	58636037	167	88	6	73.84	27.42	3.45
chr2	144002647	144002826	180	69	11	73.86	14.93	3.45
chr4	43891098	43891264	167	50	9	74.4	16	3.45
chr5	64946216	64946382	167	49	6	73.84	36.56	3.45
chr5	122510231	122510410	180	123	11	73.86	12.8	3.45
chr17	31999106	31999406	301	171	14	74.05	10.66	3.46
chr2	59770436	59770605	170	120	6	73.92	46.66	3.46
chr3	157656571	157656740	170	136	6	73.92	37.33	3.46
chr7	140181592	140181761	170	127	6	73.92	37.33	3.46
chr1	39669458	39669673	216	161	10	74.11	22.4	3.47
chr1	89668454	89668650	197	78	7	74.12	28.44	3.47
chr1	107009846	107009952	107	54	7	74.18	29.86	3.47
chr11	49838358	49838470	113	57	8	74.18	34.13	3.47
chr14	32457796	32457890	95	48	6	74.18	25.59	3.47
chr16	24777239	24777425	187	132	8	74.06	33.68	3.47
chr16	43235522	43235604	83	42	5	74.18	21.33	3.47
chr19	3674701	3674799	99	50	6	74.18	25.59	3.47
chr3	21975626	21975721	96	49	6	74.18	25.59	3.47
chr5	29715747	29715830	84	43	5	74.18	21.33	3.47
chr8	125426778	125426886	109	55	7	74.18	29.86	3.47
chr11	79038526	79038656	131	66	6	73.59	28.44	3.49
chr13	45184447	45184577	131	76	6	73.59	35.55	3.49
chr5	93580304	93580468	165	75	6	74.19	27.42	3.49
chr9	98329730	98329956	227	114	9	73.63	17.06	3.49
chr1	87596868	87596957	90	46	5	73.56	31.99	3.5
chr1	90930538	90930665	128	56	6	74.27	35.55	3.5
chr10	24358162	24358258	97	49	5	73.56	31.99	3.5
chr10	127805364	127805631	268	138	11	74.2	25.59	3.5
chr11	22338586	22338674	89	45	5	73.56	31.99	3.5
chr12	60059217	60059321	105	53	6	73.56	38.39	3.5
chr13	38715871	38715979	109	55	6	73.56	38.39	3.5
chr16	13388139	13388254	116	47	6	73.56	31.99	3.5
chr16	57165642	57165747	106	54	6	73.56	38.39	3.5
chr17	86550435	86550541	107	54	7	73.56	44.79	3.5
chr18	7645017	7645183	167	56	8	74.22	25.59	3.5
chr18	38221162	38221259	98	50	5	73.56	31.99	3.5
chr2	126254844	126254952	109	55	6	73.56	38.39	3.5
chr2	131133778	131133886	109	55	6	73.56	38.39	3.5
chr2	166622985	166623093	109	55	6	73.56	38.39	3.5
chr4	11539875	11539992	118	51	6	73.56	31.99	3.5
chr4	19502765	19502875	111	56	6	73.56	38.39	3.5
chr4	94806083	94806198	116	64	6	73.56	31.99	3.5
chr5	75219842	75219951	110	56	6	73.56	38.39	3.5
chr6	116007587	116007678	92	47	5	73.56	31.99	3.5
chr6	120520483	120520568	86	44	5	73.56	31.99	3.5
chr9	101270405	101270502	98	50	5	73.56	31.99	3.5
chrX	61921239	61921326	88	45	5	73.56	31.99	3.5
chrX	156210867	156210955	89	45	5	73.56	31.99	3.5
chr11	30719989	30720162	174	126	6	73.24	46.66	3.54
chr19	57271964	57272182	219	142	11	73.22	17.92	3.54
chr5	122149928	122150142	215	88	7	73.13	30.11	3.54
chrX	161871544	161871717	174	92	6	73.24	37.33	3.54
chr1	27941707	27941825	119	68	6	73.32	31.99	3.55
chr1	189971722	189971893	172	51	6	73.58	28	3.55
chr12	8837948	8838257	310	122	10	73.57	17.45	3.55
chr16	4377855	4378019	165	48	7	73.35	29.08	3.55
chr2	18015519	18015690	172	115	6	73.58	46.66	3.55
chr2	82614323	82614494	172	125	6	73.58	28	3.55
chr4	123581694	123581812	119	57	6	73.32	31.99	3.55
chr6	120995202	120995340	139	84	8	73.26	20.75	3.55
chr11	101353502	101353649	148	85	6	73.46	31.99	3.56
chr5	147568973	147569192	220	92	12	73.42	14.93	3.56
chr1	155839712	155839845	134	42	6	72.93	28.44	3.6
chr14	55704620	55704844	225	77	8	73.03	33.38	3.6
chr16	38286017	38286267	251	184	11	72.82	14.54	3.65
chr1	90110215	90110546	332	159	24	72.9	9.91	3.66
chr18	76178463	76178592	130	73	8	72.86	22.4	3.66
chr8	73247853	73247982	130	58	8	72.86	22.4	3.66
chr8	74223634	74223763	130	86	8	72.86	22.4	3.66
chr14	26361405	26361567	163	107	8	72.75	20	3.71
chr12	79087845	79088020	176	123	7	72.76	36.56	3.72
chr6	57653338	57653575	238	135	8	72.61	23.27	3.83
chr7	70481106	70481227	122	81	6	72.59	31.99	3.83
chr11	115309553	115309724	172	120	10	72.62	14.77	3.84
chr13	23896486	23896691	206	100	7	72.65	28.44	3.84
chr3	57500766	57500939	174	120	8	72.72	21.33	3.84
chr2	32273029	32273333	305	55	16	72.48	16.45	3.87
chr11	93998171	93998345	175	111	8	72.51	25.59	3.88
chr13	67188536	67188688	153	107	7	72.49	39.99	3.88
chr15	27612411	27612563	153	44	7	72.49	39.99	3.88
chr8	119695283	119695418	136	96	6	72.49	35.55	3.88
chr10	41711451	41711642	192	123	12	72.53	16.45	3.89
chr14	20999625	20999748	124	69	7	72.55	21.33	3.89
chr5	65748162	65748339	178	121	6	72.58	37.33	3.89
chr6	99035026	99035253	228	127	8	72.55	27.82	3.89
chr14	74031423	74031701	279	140	11	72.34	22.4	3.93
chr19	41903473	41903652	180	125	10	72.35	20.48	3.93
chr2	165151997	165152182	186	55	11	72.34	21.33	3.93
chr13	110426226	110426412	187	137	8	72.37	38.39	3.94
chr19	30219710	30219929	220	95	8	72.3	21.33	3.99
chr17	13123662	13123838	177	121	6	72.14	27.42	4.04
chr17	28597408	28597499	92	47	5	72.14	30.47	4.04
chr4	124495134	124495310	177	76	8	72.1	25.59	4.04
chr7	75830360	75830514	155	44	6	72.12	31.99	4.04
chr7	106038994	106039080	87	44	5	72.14	30.47	4.04
chr8	81891887	81892138	252	128	9	72.22	27.42	4.05
chr10	123280728	123280937	210	124	7	72.02	28.44	4.14
chr12	118960248	118960436	189	85	7	72.02	25.59	4.14
chr15	85577241	85577467	227	148	10	71.97	22.4	4.14
chr2	80226536	80226661	126	52	7	72.02	25.59	4.14
chr16	10449183	10449376	194	140	12	72.02	16.45	4.15
chr3	98563185	98563317	133	49	8	72.03	22.4	4.15
chr14	118426833	118427013	181	131	6	72.09	28	4.16
chr2	90394056	90394147	92	47	6	72.06	24	4.16
chr8	107169492	107169672	181	52	6	72.09	37.33	4.16
chr9	61660256	61660421	166	53	8	72.08	24	4.16
chr2	39368457	39368642	186	140	6	71.3	37.33	4.22
chr14	63741586	63741778	193	56	8	71.46	27.42	4.23
chr15	98558449	98558609	161	62	8	71.3	26.66	4.23
chr4	108021757	108022031	275	111	12	71.41	20.48	4.23
chr12	13812771	13812951	181	101	6	71.49	27.42	4.24
chr13	32357673	32357832	160	71	7	71.5	26.66	4.24
chr17	86287598	86287746	149	104	6	71.5	30.11	4.24
chr3	62153295	62153486	192	70	7	71.5	31.99	4.24
chr19	10059778	10059945	168	63	8	71.65	20	4.25
chr3	148832507	148832685	179	85	8	71.69	17.06	4.25
chr4	148656398	148656576	179	95	9	71.63	22.4	4.25
chr5	123112619	123112819	201	115	7	71.68	26.94	4.25
chr10	77760631	77760926	296	146	13	71.89	16.69	4.26
chr5	132611340	132611521	182	131	6	71.93	37.33	4.26
chr6	32672335	32672517	183	42	6	71.77	37.33	4.26
chrX	90176982	90177164	183	65	6	71.77	28	4.26
chr15	81676204	81676384	181	77	9	71.19	19.2	4.28
chr17	34378026	34378185	160	106	6	71.19	31.99	4.28
chr6	85857119	85857345	227	79	8	71.16	16	4.28
chr10	125423685	125423813	129	73	6	70.96	31.99	4.32
chr2	35927232	35927461	230	87	11	70.96	20.48	4.32
chr8	114542150	114542286	137	98	8	70.95	16	4.32
chr15	10553376	10553546	171	116	8	71.01	20	4.33
chr15	52998621	52998781	161	114	6	71.01	31.99	4.33
chr16	91407206	91407335	130	57	7	71	25.59	4.33
chr7	74080349	74080590	242	134	9	71.08	25.59	4.33
chr12	100678355	100678549	195	146	8	71.08	22.85	4.34
chr16	29579644	29579872	229	136	11	71.16	17.92	4.34
chr14	52503297	52503426	130	58	6	70.74	25.59	4.35
chr2	131638431	131638560	130	55	6	70.74	31.99	4.35
chr1	85324302	85324388	87	44	5	70.78	29.08	4.36
chr13	60802993	60803082	90	46	5	70.78	29.08	4.36
chr3	82800770	82800876	107	54	6	70.78	34.9	4.36
chr7	87331713	87331877	165	58	11	70.76	16.45	4.36
chr7	141363021	141363111	91	46	5	70.78	29.08	4.36
chr12	103391672	103391843	172	116	8	70.79	24	4.37
chr16	4933303	4933535	233	135	10	70.85	16	4.37
chr19	60871363	60871545	183	56	8	70.89	25.59	4.38
chr2	164311537	164311747	211	56	8	70.91	24.61	4.38
chr18	75821280	75821463	184	139	8	70.69	21.33	4.41
chrX	97620582	97620767	186	129	6	70.69	45.7	4.41
chr11	68678488	68678660	173	117	8	70.58	24	4.46
chr12	112230306	112230502	197	148	8	70.66	31.99	4.46
chr14	76194694	76194838	145	57	6	70.63	28.44	4.46
chr15	25198429	25198602	174	127	6	70.63	34.13	4.46
chr3	118194778	118194967	190	65	7	70.68	37.33	4.47
chr2	129023067	129023199	133	55	7	70.25	21.33	4.49
chr18	63434231	63434422	192	54	6	70.38	46.66	4.5
chr4	46566950	46567130	181	94	7	70.31	29.08	4.5
chr4	108078771	108079048	278	150	8	70.43	25.59	4.5
chr5	66492946	66493070	125	72	6	70.46	30.47	4.5
chr15	77742647	77742830	184	127	9	70.54	16	4.51
chr19	7103024	7103214	191	139	6	70.53	28	4.51
chr9	50362942	50363128	187	127	6	70.54	36.56	4.51
chr9	62957042	62957206	165	114	7	70.5	21.33	4.51
chr10	94007755	94007872	118	53	7	70.07	22.58	4.52
chr10	99513091	99513313	223	109	7	70.05	28.44	4.52
chr19	38189782	38189880	99	50	6	70.07	22.58	4.52
chr5	34765348	34765445	98	50	6	70.07	22.58	4.52
chr4	45507072	45507290	219	91	9	70.08	26.35	4.53
chr5	97397762	97397955	194	51	7	70.07	56	4.53
chr1	179672450	179672605	156	58	6	70.16	30.11	4.54
chr4	15977227	15977408	182	133	7	70.13	29.08	4.54
chr7	150546658	150546832	175	126	8	70.17	16	4.54
chr13	9445210	9445402	193	145	6	70.22	28	4.55
chr5	137632941	137633080	140	69	8	70.17	19.2	4.55
chr6	54452799	54452998	200	53	8	70.17	22.85	4.55
chr5	75318214	75318380	167	54	6	69.95	24	4.58
chr7	137789673	137789791	119	65	10	69.94	14.4	4.58
chr19	6402085	6402243	159	85	10	69.85	14.93	4.62
chr1	90184439	90185285	847	423	49	69.88	6.4	4.63
chr18	65385859	65386046	188	132	8	69.91	17.06	4.63
chr4	134801790	134801977	188	135	8	69.91	17.06	4.63
chr7	108527650	108527793	144	89	7	69.91	27.42	4.63
chr3	133411808	133412057	250	122	9	69.8	25.59	4.68
chr6	94339780	94340018	239	122	10	69.76	19.2	4.68
chr15	81078582	81078737	156	103	7	69.71	29.53	4.74
chr14	31736675	31736896	222	96	9	69.54	22.58	4.77
chr2	172949936	172950086	151	94	9	69.53	17.92	4.77
chr12	33604056	33604178	123	84	6	69.58	29.08	4.78
chr13	98213760	98213944	185	131	7	69.6	29.08	4.78
chr2	11519648	11519832	185	67	7	69.6	23.27	4.78
chr6	108398455	108398577	123	70	6	69.58	29.08	4.78
chr18	65212761	65212919	159	110	6	69.61	30.11	4.79
chr19	37942247	37942396	150	110	6	69.64	28.44	4.79
chr7	75428698	75428832	135	79	6	69.64	31.99	4.79