D1	D2	D3	D4	D5	D6	D7	D8	D9	D10	I	H	C	Concentration
1	0	0	0	0	0	0	0	0	0	1	0	0	0.28
1	0	0	0	0	0	0	0	0	0	0	1	0	0.3
1	0	0	0	0	0	0	0	0	0	0	0	1	1.07
0	1	0	0	0	0	0	0	0	0	1	0	0	0.51
0	1	0	0	0	0	0	0	0	0	0	1	0	0.39
0	1	0	0	0	0	0	0	0	0	0	0	1	1.35
0	0	1	0	0	0	0	0	0	0	1	0	0	1
0	0	1	0	0	0	0	0	0	0	0	1	0	0.63
0	0	1	0	0	0	0	0	0	0	0	0	1	0.69
0	0	0	1	0	0	0	0	0	0	1	0	0	0.39
0	0	0	1	0	0	0	0	0	0	0	1	0	0.68
0	0	0	1	0	0	0	0	0	0	0	0	1	0.28
0	0	0	0	1	0	0	0	0	0	1	0	0	0.29
0	0	0	0	1	0	0	0	0	0	0	1	0	0.38
0	0	0	0	1	0	0	0	0	0	0	0	1	1.24
0	0	0	0	0	1	0	0	0	0	1	0	0	0.36
0	0	0	0	0	1	0	0	0	0	0	1	0	0.21
0	0	0	0	0	1	0	0	0	0	0	0	1	1.53
0	0	0	0	0	0	1	0	0	0	1	0	0	0.32
0	0	0	0	0	0	1	0	0	0	0	1	0	0.88
0	0	0	0	0	0	1	0	0	0	0	0	1	0.49
0	0	0	0	0	0	0	1	0	0	1	0	0	0.69
0	0	0	0	0	0	0	1	0	0	0	1	0	0.39
0	0	0	0	0	0	0	1	0	0	0	0	1	0.56
0	0	0	0	0	0	0	0	1	0	1	0	0	0.17
0	0	0	0	0	0	0	0	1	0	0	1	0	0.51
0	0	0	0	0	0	0	0	1	0	0	0	1	1.02
0	0	0	0	0	0	0	0	0	1	1	0	0	0.33
0	0	0	0	0	0	0	0	0	1	0	1	0	0.32
0	0	0	0	0	0	0	0	0	1	0	0	1	0.3
