Sex  BegSal Educ Exper Time
1 3900 12 0.0 1 
2 4620 12 11.5 22 
1 4020 10 44.0 7 
2 5040 15 14.0 3 
1 4290 12 5.0 30 
2 5100 12 180.0 15 
1 4380 8 6.2 7 
2 5100 12 315.0 2 
1 4380 8 7.5 6 
2 5220 12 29.0 14 
1 4380 12 0.0 7 
2 5400 12 7.0 21 
1 4380 12 0.0 10 
2 5400 12 38.0 11 
1 4380 12 4.5 6 
2 5400 12 113.0 3 
1 4440 15 75.0 2 
2 5400 15 17.5 8 
1 4500 8 52.0 3 
2 5400 15 359.0 11 
1 4500 12 8.0 19 
2 5700 15 36.0 5 
1 4620 12 52.0 3 
2 6000 8 320.0 21 
1 4800 8 70.0 20 
2 6000 12 24.0 2 
1 4800 12 6.0 23 
2 6000 12 32.0 17 
1 4800 12 11.0 12 
2 6000 12 49.0 8 
1 4800 12 11.0 17 
2 6000 12 56.0 33 
1 4800 12 63.0 22 
2 6000 12 252.0 11 
1 4800 12 144.0 24 
2 6000 12 272.0 19 
1 4800 12 163.0 12 
2 6000 15 25.0 13 
1 4800 12 228.0 26 
2 6000 15 35.5 32 
1 4800 12 381.0 1 
2 6000 15 56.0 12 
1 4800 16 214.0 15 
2 6000 15 64.0 33 
1 4980 8 318.0 25 
2 6000 15 108.0 16 
1 5100 8 96.0 33 
2 6000 16 45.5 3 
1 5100 12 36.0 15 
2 6300 15 72.0 17 
1 5100 12 59.0 14 
2 6600 15 64.0 16 
1 5100 15 115.0 1 
2 6600 15 84.0 33 
1 5100 15 165.0 4 
2 6600 15 215.5 16 
1 5100 16 123.0 12 
2 6840 15 41.5 7 
1 5160 12 18.0 12 
2 6900 12 175.0 10 
1 5220 8 102.0 29 
2 6900 15 132.0 24 
1 5220 12 127.0 29 
2 8100 16 54.5 33 
1 5280 8 90.0 11 
1 5280 8 190.0 1 
1 5280 12 107.0 11 
1 5400 8 173.0 34 
1 5400 8 228.0 33 
1 5400 12 26.0 11 
1 5400 12 26.0 33 
1 5400 12 38.0 22 
1 5400 12 82.0 29 
1 5400 12 169.0 27 
1 5400 12 244.0 1 
1 5400 15 24.0 13 
1 5400 15 49.0 27 
1 5400 15 51.0 21 
1 5400 15 122.0 33 
1 5520 12 97.0 17 
1 5520 12 196.0 32 
1 5580 12 132.5 30 
1 5640 12 55.0 9 
1 5700 12 90.0 23 
1 5700 12 116.5 25 
1 5700 15 51.0 17 
1 5700 15 61.0 11 
1 5700 15 241.0 34 
1 6000 12 121.0 30 
1 6000 15 78.5 13 
1 6120 12 208.5 21 
1 6300 12 86.5 33 
1 6300 15 231.0 15
 
 