Wald4 Wald1
0.717627 0.953877
0.0246971 0.668877
0.787946 0.653841
0.684385 0.83254
0.932362 0.802679
0.144989 0.873069
0.970319 0.988185
0.935789 0.839467
0.0417212 0.0694968
0.62819 0.173181
0.547297 0.814337
0.61127 0.886361
0.277903 0.585495
0.501995 0.690122
0.066299 0.861249
0.0279918 0.63689
0.265657 0.0351932
0.345586 0.141159
0.270532 0.182741
0.194484 0.0352996
0.359938 0.470953
0.544881 0.795768
0.662769 0.321813
0.71108 0.808919
0.624672 0.950009
0.59957 0.334299
0.646768 0.293121
0.207321 0.0466239
0.58525 0.601144
0.839328 0.53384
0.192616 0.705151
0.571384 0.991911
0.0280926 0.0156059
0.0975788 0.0125376
0.16066 0.844361
0.106778 0.0209412
0.207078 0.0322697
0.0339169 0.0095534
0.0480878 0.906481
0.880691 0.582941
0.536835 0.239952
0.761213 0.581807
0.482729 0.801608
0.0592639 0.0788132
0.485754 0.436883
0.577763 0.961929
0.945828 0.569478
0.086685 0.307511
0.578707 0.4865
0.678374 0.230645
0.924573 0.656269
0.0931761 0.0723455
0.86774 0.452267
0.613553 0.547443
0.819644 0.630024
0.541992 0.770531
0.683292 0.693438
0.0477804 0.530472
0.489807 0.945695
0.0439903 0.00737486
0.617601 0.251991
0.469413 0.443694
0.732687 0.608584
0.261482 0.330422
0.0261054 0.0256826
0.654082 0.641039
0.318003 0.158259
0.507507 0.378798
0.77393 0.805891
0.101179 0.0206011
0.165712 0.614236
0.31478 0.95337
0.299764 0.762031
0.675472 0.40731
0.0938345 0.240638
0.222968 0.551942
0.246236 0.0373226
0.439392 0.251701
0.49713 0.178604
0.735043 0.183119
0.0838274 0.0653213
0.706759 0.337855
0.309201 0.185125
0.0753683 0.326847
0.784027 0.423616
0.969346 0.623519
0.204122 0.889115
0.826419 0.803185
0.247581 0.266229
0.257082 0.63305
0.0395145 0.189435
0.791709 0.368479
0.237313 0.0418099
0.0696703 0.879449
0.235444 0.16984
0.18555 0.340797
0.767913 0.806681
0.955947 0.716938
0.682673 0.146593
0.936082 0.804105
0.607245 0.357858
0.878991 0.65613
0.406067 0.15892
0.110613 0.0432662
0.979974 0.910383
0.0651715 0.0590918
0.193171 0.105622
0.842088 0.785174
0.938259 0.555799
0.932147 0.87003
0.404153 0.293221
0.881014 0.375542
0.0173529 0.00199976
0.941874 0.980304
0.986337 0.832343
0.778817 0.676581
0.766324 0.240286
0.744872 0.961325
0.689109 0.453392
0.556865 0.907199
0.217999 0.14681
0.519659 0.282049
0.334686 0.240677
0.0603021 0.0521136
0.0210712 0.00542222
0.630244 0.137964
0.0231042 0.23325
0.732594 0.800917
0.510641 0.851729
0.416021 0.794989
0.259908 0.244253
0.503296 0.541285
0.695846 0.334323
0.261694 0.37504
0.350287 0.964761
0.0393887 0.0176147
0.510195 0.289286
0.29039 0.536079
0.905085 0.358143
0.47673 0.42186
0.108873 0.189055
0.402842 0.115233
0.0914318 0.971131
0.144707 0.750729
0.877942 0.401097
0.286468 0.0656366
0.584737 0.34222
0.718402 0.895065
0.392951 0.945987
0.979028 0.860313
0.821419 0.639559
0.624976 0.612128
0.637072 0.70701
0.631211 0.303589
0.260082 0.495306
0.602258 0.238377
0.271134 0.383297
0.94419 0.959918
0.687255 0.417143
0.597645 0.299109
0.939704 0.58522
0.756196 0.619319
0.214442 0.215563
0.279286 0.627517
0.221414 0.645868
0.32906 0.547668
0.224313 0.46589
0.116138 0.494854
0.973318 0.559948
0.306599 0.359417
0.268316 0.0246112
0.155486 0.827544
0.660794 0.334983
0.735084 0.664102
0.932458 0.861796
0.41207 0.42939
0.540776 0.231269
0.382277 0.802637
0.503561 0.512727
0.474216 0.195574
0.955957 0.957316
0.350804 0.45622
0.478409 0.237531
0.0286757 0.110307
0.347032 0.113141
0.379478 0.32713
0.0820723 0.0852256
0.780953 0.633422
0.0831475 0.299669
0.559622 0.593977
0.0668195 0.00606286
0.140769 0.126076
0.693245 0.399006
0.122269 0.107969
0.763968 0.857762
0.767804 0.258129
0.751651 0.478056
0.138688 0.0772784
0.659641 0.977544
0.11002 0.0180148
0.917216 0.935598
0.963585 0.487665
0.947011 0.813364
0.56794 0.919701
0.0248577 0.0201374
0.4455 0.820588
0.691947 0.161209
0.545274 0.661855
0.705542 0.979087
0.467667 0.195257
0.200682 0.257504
0.748016 0.30812
0.726335 0.42195
0.57602 0.502963
0.0404173 0.137905
0.288338 0.0791224
0.00915304 0.980677
0.62541 0.544133
0.417647 0.471409
0.457404 0.779286
0.620622 0.658182
0.27816 0.452449
0.999984 0.934364
0.230649 0.0450249
0.270852 0.591156
0.391462 0.0507235
0.349895 0.431405
0.755929 0.701093
0.265353 0.620995
0.161439 0.464321
0.525485 0.0824194
0.904344 0.97166
0.316114 0.306284
0.689377 0.407621
0.472905 0.109523
0.220619 0.0703055
0.772192 0.840189
0.839867 0.980096
0.589837 0.1498
0.625565 0.187329
0.174309 0.590007
0.283883 0.925283
0.804705 0.984949
0.234769 0.88305
0.851676 0.663215
0.0623479 0.076315
0.354027 0.686334
0.416262 0.314951
0.161319 0.131132
0.557641 0.39778
0.0507559 0.01521
0.698687 0.871239
0.437335 0.687741
0.0505331 0.765666
0.531828 0.998445
0.258933 0.186808
0.132323 0.0715632
0.590053 0.374808
0.301009 0.587298
0.110278 0.736326
0.607315 0.180078
0.0968857 0.045401
0.214327 0.0927514
0.846047 0.5252
0.124904 0.0754679
0.201363 0.0659654
0.502146 0.0978736
0.267355 0.976352
0.137792 0.630374
0.643472 0.701707
0.613228 0.7862
0.598795 0.410659
0.426868 0.101024
0.303731 0.121544
0.839683 0.816582
0.488051 0.733015
0.106444 0.0147638
0.581139 0.129863
0.226848 0.28388
0.49445 0.392154
0.844366 0.84858
0.830658 0.623087
0.0710377 0.0885589
0.25598 0.214461
0.196457 0.753561
0.840315 0.265009
0.896786 0.908961
0.827036 0.86182
0.661961 0.22618
0.455297 0.851025
0.955634 0.531772
0.130067 0.545391
0.548298 0.669727
0.246776 0.810285
0.296998 0.306396
0.151141 0.526183
0.0391148 0.0644662
0.785422 0.714611
0.607582 0.770553
0.467874 0.204303
0.330509 0.155106
0.215239 0.957939
0.593 0.858465
0.819745 0.427039
0.64586 0.874982
0.242097 0.95531
0.0757719 0.0232047
0.534925 0.375622
0.379021 0.574519
0.339103 0.213189
0.989416 0.965358
0.472926 0.29091
0.237599 0.291492
0.723067 0.749055
0.950935 0.785517
0.121753 0.109511
0.870138 0.380865
0.380016 0.083665
0.405924 0.187705
0.835635 0.322306
0.556183 0.667789
0.742318 0.713527
0.411326 0.144432
0.325363 0.30438
0.26434 0.931585
0.909968 0.598372
0.0175182 0.123734
0.0482226 0.707247
0.259641 0.0460284
0.740023 0.404105
0.625083 0.999806
0.395299 0.265267
0.343784 0.597074
0.882282 0.726249
0.825442 0.775598
0.773168 0.697618
0.255314 0.144891
0.926674 0.845363
0.68759 0.553362
0.0655289 0.913829
0.728382 0.33326
0.887483 0.737208
0.211086 0.715227
0.929432 0.424695
0.755232 0.364981
0.933227 0.775728
0.087349 0.00766735
0.981256 0.583545
0.71551 0.277081
0.302659 0.66356
0.942635 0.676244
0.306121 0.790049
0.376647 0.480739
0.886319 0.342728
0.439455 0.892853
0.830277 0.425582
0.563543 0.970292
0.0280875 0.499483
0.905777 0.666583
0.833585 0.723184
0.344692 0.240667
0.350786 0.450704
0.171339 0.703614
0.814464 0.827201
0.928964 0.85008
0.822313 0.445504
0.879175 0.796428
0.610959 0.128257
0.889213 0.85991
0.180687 0.090138
0.43402 0.486795
0.769092 0.687687
0.431856 0.155076
0.149338 0.933915
0.511775 0.650735
0.615921 0.5559
0.107999 0.0450295
0.358611 0.123888
0.184301 0.786219
0.620129 0.304953
0.599697 0.359088
0.868297 0.351888
0.6894 0.605753
0.0348371 0.133294
0.569204 0.116449
0.337303 0.36997
0.336002 0.788912
0.53732 0.708983
0.960639 0.934407
0.235006 0.687212
0.481097 0.292643
0.993805 0.847691
0.729966 0.939062
0.415885 0.669151
0.453762 0.110079
0.56787 0.468128
0.95275 0.913691
0.361307 0.19939
0.236765 0.916932
0.786748 0.705348
0.0681088 0.205367
0.0399916 0.171364
0.712049 0.447696
0.917391 0.804846
0.722167 0.948083
0.657108 0.577326
0.805817 0.549749
0.834301 0.725968
0.31994 0.203711
0.69193 0.19941
0.190234 0.825203
0.033306 0.82263
0.18653 0.0308393
0.907294 0.757584
0.301355 0.441179
0.681768 0.338289
0.843339 0.250735
0.238245 0.187786
0.41165 0.134009
0.844154 0.499996
0.600178 0.253054
0.943142 0.867982
0.183167 0.604919
0.0142815 0.011209
0.963733 0.73137
0.59122 0.99967
0.525715 0.691275
0.175409 0.1553
0.647086 0.877851
0.228155 0.302137
0.630513 0.756803
0.901495 0.75828
0.409091 0.100735
0.635055 0.592132
0.35036 0.479959
0.306148 0.0788818
0.0865939 0.821771
0.344013 0.272713
0.596172 0.941238
0.737429 0.675882
0.921157 0.495571
0.917923 0.691619
0.560127 0.242541
0.848387 0.493707
0.10719 0.128174
0.18126 0.380125
0.692798 0.393153
0.373953 0.137421
0.910949 0.496148
0.752997 0.639905
0.288131 0.984162
0.417584 0.0961509
0.743746 0.860358
0.144124 0.133196
0.531684 0.736413
0.0231052 0.0472721
0.414658 0.886091
0.992564 0.662547
0.540541 0.244484
0.834973 0.266805
0.867112 0.731917
0.744761 0.99652
0.926494 0.938267
0.97873 0.872634
0.237897 0.487757
0.248653 0.666316
0.457361 0.800849
0.498241 0.265943
0.365994 0.347669
0.528335 0.432349
0.769259 0.672405
0.498292 0.340986
0.716332 0.424417
0.490567 0.789272
0.586911 0.75259
0.987122 0.90858
0.417395 0.122742
0.828482 0.421064
0.514284 0.194556
0.823279 0.848885
0.948154 0.624128
0.564802 0.910355
0.551238 0.227614
0.620621 0.935221
0.587404 0.49819
0.968393 0.485442
0.406061 0.682875
0.973761 0.621094
0.185762 0.381815
0.120665 0.716542
0.891569 0.793752
0.416985 0.12556
0.502441 0.154432
0.774452 0.928567
0.90534 0.740064
0.172871 0.346255
0.489505 0.703022
0.24663 0.875032
0.108149 0.840858
0.269947 0.373938
0.502639 0.540703
0.861311 0.682097
0.397139 0.368271
0.469719 0.570532
0.895612 0.337392
0.37588 0.629256
0.954053 0.630982
0.0471491 0.753777
0.223912 0.556974
0.898174 0.698062
0.592674 0.294078
0.270025 0.371277
0.134999 0.301406
0.435671 0.671891
0.134077 0.0172036
0.707131 0.83035
0.124079 0.838603
0.750238 0.191125
0.220084 0.158362
0.558543 0.460743
0.962774 0.561719
0.80391 0.711375
0.623467 0.557269
0.933618 0.81368
0.541953 0.200076
0.946843 0.909262
0.825558 0.337405
0.809938 0.32858
0.979558 0.827363
0.370568 0.176525
0.965131 0.710701
0.417373 0.65252
0.856959 0.820215
0.716495 0.306751
0.0388348 0.573016
0.292946 0.624471
0.113326 0.22308
0.406784 0.063178
0.232418 0.392536
0.116158 0.0962362
0.810271 0.388183
0.933052 0.478527
0.108318 0.178392
0.289811 0.834251
0.897872 0.464589
0.764693 0.20481
0.253773 0.0533006
0.376382 0.618509
0.390458 0.919026
0.681337 0.554193
0.0411681 0.127279
0.943572 0.689303
0.786728 0.690594
0.00670337 0.482961
0.092238 0.729856
0.333612 0.108506
0.771416 0.341033
0.166664 0.0454182
0.261842 0.111761
0.315202 0.552544
0.666225 0.476218
0.00962415 0.377735
0.304125 0.126237
0.512891 0.580987
0.90649 0.834787
0.901514 0.740808
0.978408 0.756775
0.136246 0.105477
0.279734 0.888845
0.492499 0.583736
0.363469 0.869653
0.0455233 0.0509975
0.00254354 0.0317522
0.576058 0.663584
0.200468 0.706419
0.635345 0.585673
0.605387 0.236906
0.807423 0.692925
0.549285 0.538135
0.330997 0.11
0.544241 0.813979
0.535734 0.305002
0.576915 0.133703
0.928992 0.732785
0.738429 0.316478
0.830952 0.492974
0.677065 0.469951
0.142547 0.658333
0.683203 0.376794
0.333991 0.706072
0.1071 0.462464
0.422059 0.454262
0.330757 0.737728
0.641294 0.303914
0.14336 0.0697711
0.614504 0.557855
0.831811 0.38509
0.918487 0.97954
0.483851 0.383373
0.241082 0.0610723
0.659547 0.232697
0.745576 0.647194
0.353384 0.133939
0.386035 0.125069
0.618526 0.409214
0.124793 0.360459
0.713616 0.924836
0.16007 0.848535
0.260109 0.485506
0.444707 0.387746
0.860294 0.687589
0.251522 0.0951733
0.928232 0.619767
0.486714 0.537226
0.131605 0.583662
0.51583 0.208806
0.685644 0.817555
0.746712 0.529261
0.580563 0.335369
0.64209 0.336857
0.109817 0.686924
0.561207 0.795426
0.825527 0.467229
0.69269 0.184947
0.697746 0.681877
0.210648 0.51423
0.260786 0.893997
0.572641 0.151108
0.487939 0.198942
0.838274 0.315055
0.484368 0.180695
0.943963 0.96866
0.80146 0.788581
0.800611 0.363864
0.991295 0.815264
0.622783 0.991481
0.580807 0.7093
0.791064 0.773102
0.0918582 0.912233
0.240153 0.374016
0.833222 0.739572
0.347509 0.521178
0.00998926 0.00653669
0.124977 0.013756
0.998825 0.899446
0.742697 0.567076
0.428004 0.385788
0.04551 0.18349
0.00807925 0.068299
0.358314 0.784286
0.0451689 0.73985
0.504782 0.605264
0.180376 0.0938143
0.578733 0.917927
0.686983 0.724152
0.493499 0.560994
0.913612 0.734413
0.619034 0.538733
0.303792 0.48799
0.360683 0.0559997
0.158513 0.729927
0.633684 0.841005
0.0319204 0.190489
0.247781 0.729173
0.254022 0.558076
0.125203 0.0828961
0.53406 0.338774
0.837285 0.91504
0.152258 0.427766
0.430576 0.718273
0.505166 0.2815
0.289911 0.868668
0.779019 0.251717
0.474984 0.516324
0.118639 0.325958
0.631035 0.202409
0.543958 0.749191
0.138577 0.984116
0.927426 0.846691
0.7381 0.712335
0.887789 0.960893
0.211717 0.457881
0.629291 0.230697
0.0769037 0.0164886
0.133323 0.288776
0.153255 0.105079
0.186113 0.53708
0.438712 0.548179
0.475987 0.26217
0.893574 0.710652
0.900865 0.50467
0.627409 0.786851
0.631546 0.553067
0.242085 0.585803
0.812923 0.882025
0.313401 0.0782173
0.528983 0.445143
0.539472 0.972309
0.909146 0.961692
0.880197 0.438723
0.687543 0.198317
0.116346 0.256409
0.248676 0.219831
0.626894 0.291318
0.487646 0.39705
0.409601 0.711564
0.843623 0.763208
0.904636 0.747616
0.817707 0.541377
0.853322 0.696154
0.750294 0.698341
0.761158 0.592768
0.370426 0.913419
0.144708 0.124813
0.266371 0.957442
0.897382 0.582898
0.947162 0.667089
0.0779241 0.52789
0.785579 0.801159
0.625404 0.159959
0.45002 0.501707
0.92073 0.987305
0.212063 0.632852
0.0656526 0.0262123
0.40968 0.427194
0.467527 0.511881
0.718806 0.631634
0.357655 0.434951
0.758608 0.286761
0.116013 0.0284297
0.0495627 0.599199
0.0457494 0.37553
0.477808 0.86341
0.941624 0.894118
0.503291 0.298173
0.469879 0.660926
0.80554 0.92282
0.16747 0.0502964
0.237421 0.867519
0.198312 0.030051
0.235509 0.330661
0.235571 0.911009
0.363169 0.203969
0.226296 0.725895
0.019702 0.0513329
0.475535 0.0841625
0.788533 0.850773
0.252618 0.127876
0.669274 0.30046
0.864663 0.748518
0.864797 0.864649
0.244233 0.730562
0.676403 0.793451
0.320449 0.94749
0.311828 0.449885
0.114256 0.792611
0.0867588 0.570648
0.507787 0.669683
0.867043 0.555146
0.859076 0.355378
0.796375 0.945006
0.0231681 0.199387
0.892304 0.479134
0.731394 0.270618
0.443294 0.58977
0.326885 0.541862
0.830435 0.804502
0.0675793 0.830753
0.278535 0.285317
0.627922 0.134175
0.31637 0.326566
0.221239 0.683821
0.366057 0.295894
0.952164 0.656402
0.543212 0.68245
0.00022714 0.211689
0.574459 0.266071
0.09826 0.337054
0.447638 0.785004
0.498629 0.843233
0.637292 0.835678
0.62123 0.847939
0.372192 0.0650799
0.261305 0.605643
0.319461 0.280214
0.273194 0.796255
0.403829 0.895424
0.142552 0.210341
0.316263 0.479762
0.150229 0.0851666
0.0267821 0.00929837
0.0747833 0.368205
0.836915 0.260108
0.519574 0.410787
0.955509 0.643932
0.0919495 0.0881621
0.54279 0.300476
0.860128 0.78758
0.15651 0.0701673
0.544992 0.453517
0.944113 0.832603
0.864719 0.846227
0.601886 0.169432
0.540791 0.209495
0.218571 0.320238
0.202567 0.985196
0.287374 0.539408
0.648515 0.530339
0.320173 0.0945092
0.71814 0.811937
0.180517 0.752868
0.883143 0.830638
0.877353 0.546642
0.255233 0.138462
0.0996248 0.326319
0.159103 0.163951
0.0463617 0.0857748
0.846164 0.352939
0.557191 0.671655
0.985847 0.905739
0.118207 0.149741
0.174826 0.281501
0.140908 0.0744626
0.156147 0.0967118
0.620834 0.189626
0.979305 0.557879
0.28326 0.878951
0.287018 0.746492
0.104978 0.727465
0.716266 0.616024
0.948893 0.616743
0.999761 0.913408
0.728502 0.821444
0.187172 0.762661
0.776213 0.418687
0.179574 0.272775
0.217614 0.541513
0.412112 0.121728
0.833945 0.879752
0.204441 0.511274
0.191185 0.234519
0.165344 0.636809
0.534032 0.300959
0.791549 0.416
0.328472 0.616607
0.847303 0.996217
0.95943 0.593659
0.628073 0.585286
0.496569 0.139611
0.0452079 0.551808
0.0662943 0.664569
0.693172 0.33269
0.459119 0.562518
0.64586 0.422255
0.995602 0.851209
0.63816 0.651916
0.971896 0.895238
0.21319 0.604275
0.357828 0.290588
0.767216 0.243426
0.877876 0.669876
0.27181 0.159798
0.464898 0.172205
0.0923505 0.195059
0.549468 0.131382
0.438566 0.0589444
0.124281 0.268845
0.411376 0.172046
0.641382 0.342363
0.0224082 0.0501396
0.339133 0.251479
0.662436 0.70145
0.211954 0.231767
0.544972 0.391968
0.642113 0.872657
0.33848 0.253429
0.436983 0.062208
0.311423 0.314876
0.993668 0.814432
0.158327 0.791112
0.714165 0.63543
0.284132 0.715279
0.239335 0.657645
0.876379 0.705425
0.227116 0.0491699
0.943361 0.660459
0.313035 0.0828832
0.528422 0.455129
0.291911 0.753848
0.421067 0.100049
0.467104 0.44404
0.593436 0.939997
0.609514 0.202596
0.672768 0.843709
0.445505 0.504467
0.457753 0.506295
0.111111 0.808977
0.281486 0.701427
0.5454 0.805216
0.970774 0.821106
0.486197 0.191184
0.887572 0.490105
0.822544 0.919702
0.856914 0.662934
0.0756543 0.028993
0.568995 0.115792
0.0650702 0.00796805
0.528066 0.382065
0.488133 0.777404
0.628383 0.209435
0.596526 0.183402
0.525479 0.418236
0.121799 0.0381409
0.579562 0.355445
0.340186 0.278204
0.700091 0.832196
0.246837 0.490449
0.18286 0.142683
0.402754 0.185622
0.983463 0.87001
0.856476 0.977542
0.688777 0.649552
0.222027 0.606999
0.522575 0.200259
0.768249 0.873339
0.666395 0.842845
0.798856 0.551423
0.209613 0.985645
0.942984 0.46747
0.671671 0.422811
0.272303 0.832943
0.667819 0.473687
0.857902 0.481562
0.660548 0.245929
0.759424 0.807134
0.667573 0.966857
0.951254 0.723852
0.510612 0.970601
0.00790144 0.896008
0.107737 0.987571
0.749907 0.61717
0.350797 0.693823
0.811015 0.675293
0.747085 0.486283
0.968715 0.67632
0.0450748 0.0383602
0.752076 0.670253
0.630805 0.528641
0.709807 0.953941
0.433191 0.500143
0.0129835 0.588079
0.125319 0.38381
0.650194 0.186375
0.651866 0.45991
0.929088 0.749428
0.905961 0.698061
0.467483 0.657657
0.44072 0.510416
0.289653 0.134082
0.491402 0.141232
0.599268 0.429955
0.82768 0.834802
0.565188 0.948102
0.0990415 0.892314
0.88685 0.310673
0.757788 0.507142
0.954496 0.503274
0.602348 0.931837
0.800552 0.546541
0.730774 0.90653
0.407649 0.582576
0.29035 0.432022
0.140472 0.115203
0.335324 0.147352
0.885208 0.933371
0.0559012 0.0675479
0.312287 0.206433
0.418693 0.541565
0.0370686 0.0672138
0.261833 0.392875
0.695693 0.887595
0.833716 0.723336
0.257561 0.215523
0.635638 0.383894
0.186932 0.180673
0.161463 0.66962
0.958138 0.754398
0.254838 0.839001
0.0173127 0.00549491
0.436862 0.273566
0.569268 0.477164
0.694273 0.705578
0.452538 0.398735
0.621841 0.916464
0.136298 0.013656
0.142117 0.279983
0.186079 0.175287
0.309638 0.650452
0.334166 0.303892
0.908732 0.527434
0.259825 0.786975
0.369606 0.558891
0.483245 0.998538
0.0914639 0.773669
0.738639 0.377912
0.99797 0.867811
0.614913 0.900533
0.945539 0.887121
0.266106 0.375013
0.49431 0.449485
0.808547 0.59999
0.117089 0.777338
0.693397 0.187079
0.823176 0.783383
0.344007 0.0650867
0.329095 0.221793
0.722551 0.691136
0.673295 0.464026
0.103049 0.347026
0.353718 0.324909
0.0602598 0.714444
0.493034 0.212383
0.426699 0.257811
0.401337 0.717143
0.962668 0.972419
0.662596 0.222229
0.164591 0.0221578
0.868998 0.5754
0.336269 0.382436
0.978963 0.919057
0.795086 0.889275
0.985281 0.828864
0.336953 0.222466
0.6541 0.723423
0.917197 0.920326
0.44451 0.370911
0.772647 0.615096
0.384879 0.990497
0.476954 0.792312
0.652469 0.278375
0.582992 0.178078
0.337706 0.474791
0.294637 0.952972
0.236394 0.290569
0.984661 0.625311
0.75237 0.358226
0.894099 0.559461
0.0341359 0.00315807
0.509718 0.979995
0.0789179 0.0161243
0.183512 0.0441348
0.161733 0.286445
0.930689 0.860325
0.646142 0.668278
0.718174 0.50519
0.758088 0.702838
0.777204 0.242384
0.270142 0.594394
0.821477 0.32923
0.922633 0.374409
0.0830736 0.188747
0.296248 0.166476
0.682017 0.571567
0.29629 0.0379211
0.504583 0.38294
0.464293 0.777687
0.409684 0.634442
0.888259 0.792526
0.796936 0.745118
0.689551 0.564536
0.491647 0.569403
0.427705 0.834473
0.295442 0.652284
0.333141 0.214924
0.600579 0.603149
0.813082 0.800458
0.47355 0.811783
0.791328 0.634386
0.377395 0.878459
0.970787 0.59251
0.210248 0.66405
0.351828 0.285327
0.447424 0.839277
0.481995 0.797624
0.823418 0.463009
0.304323 0.543164
0.738715 0.565986
0.308912 0.540409
0.921546 0.553722
0.778797 0.606679
0.58812 0.688489
0.594992 0.101261
0.943548 0.937378
0.0488429 0.236706
0.355337 0.287681
0.563745 0.272959
0.23454 0.322459
0.839805 0.539531
0.663623 0.906124
0.66025 0.529284
0.122034 0.600862
0.643264 0.168759
0.516552 0.542441
0.38156 0.714051
0.216726 0.214213
0.448392 0.169499
0.112183 0.0577306
0.236558 0.374469
0.751213 0.525993
0.439948 0.47838
0.852077 0.561274
0.998367 0.824986
0.77262 0.26425
0.491114 0.0823002
0.918668 0.450624
0.450333 0.298903
0.882873 0.535518
0.0585161 0.0404581
0.898022 0.609885
0.457847 0.609654
0.0975513 0.10975
0.954105 0.486604
0.539917 0.711828
0.818927 0.344309
0.319002 0.72653
0.415899 0.299628
0.329003 0.382599
0.125307 0.08057
0.291334 0.194441
0.221151 0.153804
0.987167 0.744936
0.060504 0.751396
0.282353 0.11568
0.389566 0.17816
0.834149 0.661567
0.855593 0.484721
0.0172688 0.00324935
0.995069 0.977608
0.747313 0.370799
0.290115 0.549161
0.508285 0.595401
0.332321 0.0915525
0.902317 0.649967
0.75282 0.97108
0.759277 0.280221
0.832392 0.665374
0.250443 0.0499146
0.053302 0.0460679
0.408149 0.118543
0.60852 0.597171
0.10473 0.849076
0.583447 0.876898
0.398562 0.170472
0.570951 0.574801
0.028969 0.0494825
0.00164574 0.0213545
0.778772 0.331232
0.762008 0.346946
0.936312 0.826664
0.744453 0.784905
0.619948 0.142638
0.283384 0.52126
0.0441013 0.248112
0.906304 0.581908
0.853429 0.318031
0.223302 0.17497
0.0265449 0.159638
0.945622 0.807322
0.242952 0.528107
0.522945 0.257187
0.120311 0.795127
0.81383 0.284021
0.622951 0.588825
0.337076 0.143177
0.203382 0.351977
0.155397 0.83859
0.111283 0.223603
0.633563 0.204623
0.460432 0.0688667
0.360435 0.871188
0.601849 0.991844
0.0949968 0.212519
0.623767 0.503878
0.299353 0.264249
0.545607 0.642104
0.252769 0.0714679
0.118007 0.78484
0.0807466 0.565139
0.487187 0.873242
0.553198 0.566372
0.109939 0.179179
0.368584 0.263302
0.0984349 0.464875
0.757796 0.551474
0.811345 0.546808
0.0525503 0.79604
0.636872 0.342658
0.7805 0.901968
0.401821 0.392772
0.278936 0.682278
0.300529 0.146564
0.366383 0.799873
0.0205876 0.177479
0.0431829 0.049407
0.121336 0.0165919
0.0785709 0.144431
0.523731 0.742978
0.492608 0.804813
0.569735 0.514545
0.786801 0.47539
0.61605 0.582706
0.857902 0.383692
0.453879 0.779317
0.606897 0.937291
0.170647 0.564974
0.893672 0.847751
0.471594 0.982716
0.871574 0.500997
0.778227 0.522298
0.305061 0.0612179
0.911009 0.327131
0.690998 0.423183
0.276939 0.729643
0.771437 0.376308
0.720894 0.521844
0.532614 0.117842
0.395616 0.0485839
0.365948 0.118191
0.750702 0.608165
0.858836 0.788349
0.147498 0.469953
0.64213 0.161557
0.814667 0.692873
0.211952 0.911508
0.880371 0.900009
0.248983 0.482043
0.945163 0.842639
0.817364 0.876449
0.318711 0.358955
0.872189 0.86888
0.472928 0.132879
0.693077 0.703938
0.273629 0.211942
0.904164 0.953559
0.869943 0.54802
0.975495 0.620754
0.830835 0.387598
0.0786106 0.467138
0.947497 0.775222
0.260748 0.139342
0.594127 0.866356
0.479764 0.394633
0.814262 0.807149
0.818476 0.529689
0.341797 0.900178
0.709921 0.969
0.348207 0.43338
0.426393 0.0984076
0.0196671 0.0177225
0.0629196 0.839621
0.492173 0.709077
0.573815 0.695982
0.901887 0.679689
0.767503 0.572259
0.590208 0.596197
0.896887 0.822048
0.713957 0.236443
0.0703558 0.838408
0.487341 0.255058
0.435919 0.369436
0.0904674 0.198471
0.576473 0.50744
0.836677 0.981637
0.504374 0.855132
0.301472 0.316469
0.311593 0.853195
0.597606 0.146178
0.652336 0.159458
0.551173 0.274148
0.140124 0.0708412
0.719662 0.696571
0.324065 0.106435
0.111081 0.192946
0.697106 0.394158
0.282937 0.779815
0.92419 0.468325
0.148311 0.176182
0.599633 0.49068
0.660323 0.520949
0.488797 0.844208
0.736206 0.786504
0.070896 0.027174
0.660508 0.657764
0.138607 0.0266212
0.102989 0.577648
0.350302 0.399066
0.655428 0.86448
0.00388985 0.0328173
0.918773 0.977803
0.352796 0.806026
0.10601 0.930582
0.459337 0.539984
0.153478 0.437894
0.867635 0.385884
0.568812 0.81196
0.404934 0.419606
0.629437 0.5407
0.675159 0.561832
0.340915 0.939713
0.404284 0.532727
0.17309 0.0640912
0.305561 0.495982
0.610348 0.885689
0.159799 0.823593
0.556895 0.872181
0.724005 0.379413
0.613763 0.391057
0.193429 0.746558
0.783188 0.552843
0.389444 0.0884209
0.2025 0.180303
0.938396 0.954534
0.609727 0.298297
0.562255 0.198296
0.449302 0.531483
0.784685 0.578163
0.0197416 0.333073
0.425333 0.409822
0.421839 0.192175
0.733423 0.814981
0.546531 0.0901217
0.389785 0.577613
0.597273 0.543163
0.235195 0.441572
0.989935 0.978664
0.28959 0.681004
0.482025 0.242618
0.0945899 0.422606
0.969605 0.726145
0.891886 0.596081
0.938382 0.907946
0.00671701 0.0116638
0.711514 0.761448
0.613519 0.644883
0.812351 0.510924
0.154626 0.0734112
0.501616 0.701572
0.623468 0.676854
0.961617 0.660607
0.0722635 0.0707313
0.956928 0.922242
0.947693 0.771111
0.384411 0.466431
0.19265 0.536511
0.396183 0.516827
0.892784 0.781408
0.788549 0.845791
0.257508 0.432676
0.0626729 0.153193
0.902754 0.995808
0.508793 0.574733
0.0898861 0.00616323
0.866964 0.858688
0.917793 0.637581
0.596732 0.386058
0.508511 0.604307
0.969669 0.884122
0.232525 0.21186
0.67671 0.729492
0.710671 0.792742
0.985139 0.662298
0.166329 0.024263
0.813294 0.975248
0.206238 0.408518
0.217342 0.977527
0.977815 0.638626
0.157005 0.145596
0.814255 0.540898
0.573003 0.649272
0.221372 0.505605
0.728472 0.890175
0.0354389 0.192423
0.385332 0.459039
0.0727507 0.378102
0.379092 0.973997
0.474999 0.101585
0.457462 0.641989
0.609277 0.220385
0.744741 0.988747
0.447308 0.455051
0.612468 0.274791
0.470581 0.538826
0.396379 0.106797
0.57427 0.147362
0.0201705 0.00111475
0.0562569 0.0852985
0.421108 0.766954
0.321552 0.177773
0.0638457 0.884631
0.640114 0.225851
0.884687 0.736394
0.222885 0.0525776
0.1366 0.0364553
0.885902 0.365018
0.495692 0.967962
0.982881 0.749212
0.584838 0.982753
0.461097 0.815653
0.0803629 0.285024
0.61113 0.749418
0.747283 0.95646
0.899699 0.962356
0.578509 0.6796
0.672849 0.602526
0.476092 0.780114
0.25011 0.168139
0.190567 0.0291411
0.775879 0.951621
0.765709 0.345442
0.515847 0.128972
0.71241 0.285923
0.205146 0.533029
0.558981 0.217556
0.0636944 0.202524
0.676416 0.538172
0.772821 0.92199
0.902786 0.884205
0.758246 0.810827
0.666758 0.524434
0.687658 0.910136
0.612612 0.742483
0.159972 0.310979
0.285941 0.347572
0.4437 0.608598
0.256992 0.917165
0.027894 0.00298303
0.0810177 0.223485
0.228373 0.557419
0.289702 0.269086
0.589388 0.155154
0.783521 0.296872
0.490807 0.583586
0.129293 0.719338
0.514802 0.865953
0.050695 0.0194013
0.311396 0.195452
0.559482 0.29624
0.726643 0.446101
0.255795 0.0591335
0.920019 0.985357
0.497025 0.667607
0.343992 0.682922
0.2773 0.127208
0.436331 0.140162
0.984058 0.670244
0.580688 0.879432
0.359514 0.532388
0.144028 0.0951675
0.3166 0.527081
0.109922 0.0854468
0.158623 0.99365
0.127627 0.346601
0.66493 0.478806
0.478568 0.957975
0.703624 0.768072
0.802878 0.834581
0.253139 0.493321
0.394223 0.521281
0.496736 0.970778
0.298989 0.68354
0.470112 0.599296
0.0558874 0.131427
0.0500036 0.30416
0.0107793 0.0136096
0.45428 0.0772601
0.393296 0.752523
0.313783 0.490315
0.161299 0.355886
0.820829 0.639402
0.648825 0.283923
0.923485 0.919546
0.237796 0.401489
0.858091 0.712122
0.240657 0.477592
0.0493365 0.448458
0.59806 0.907778
0.982567 0.532591
0.87183 0.568501
0.348276 0.265491
0.0178089 0.148852
0.635198 0.128287
0.166652 0.0770944
0.364573 0.690151
0.614888 0.954204
0.362677 0.152427
0.0694961 0.0467858
0.123629 0.0215521
0.887253 0.622957
0.947585 0.816614
0.255224 0.429405
0.607875 0.865688
0.427619 0.252431
0.578082 0.217303
0.524885 0.361915
0.688631 0.68223
0.897894 0.4783
0.0295695 0.0059797
0.161043 0.435019
0.732614 0.775596
0.356046 0.714722
0.418926 0.0973405
0.0207873 0.653003
0.972109 0.733763
0.453477 0.4674
0.432196 0.567097
0.607171 0.511247
0.69185 0.777484
0.50662 0.352463
0.762063 0.531324
0.756806 0.778831
0.069257 0.195405
0.242325 0.774981
0.886165 0.915852
0.123641 0.0940635
0.670214 0.83096
0.228199 0.675207
0.114156 0.743477
0.732791 0.193025
0.51871 0.926987
0.84339 0.495588
0.586827 0.751101
0.861047 0.650601
0.421977 0.133897
0.543129 0.861514
0.619064 0.512143
0.322074 0.0940997
0.876048 0.553033
0.582064 0.810612
0.256293 0.0855469
0.633499 0.926721
0.0460299 0.164101
0.0700707 0.0100438
0.104688 0.758481
0.92231 0.82997
0.244359 0.153036
0.715878 0.945793
0.267306 0.950699
0.389333 0.292954
0.365683 0.583749
0.954458 0.845147
0.00672538 0.48193
0.855229 0.461479
0.436656 0.824795
0.809492 0.784359
0.589536 0.231626
0.0976655 0.550871
0.240841 0.129644
0.952738 0.490271
0.599682 0.674261
0.657845 0.475363
0.102783 0.686696
0.911483 0.425467
0.997859 0.857625
0.923202 0.783801
0.541101 0.700329
0.253313 0.390514
0.590344 0.674355
0.492955 0.951648
0.761932 0.497224
0.778186 0.955882
0.183325 0.216504
0.599661 0.436933
0.523122 0.696898
0.99166 0.890811
0.191126 0.252734
0.524678 0.263072
0.0210001 0.715949
0.516445 0.25607
0.925877 0.952257
0.253697 0.0949328
0.571045 0.763653
0.946079 0.744357
0.765939 0.984577
0.476884 0.095785
0.928909 0.932735
0.718121 0.379497
0.374874 0.353931
0.810036 0.34553
0.546542 0.18749
0.804507 0.448316
0.648341 0.384106
0.827678 0.283493
0.34358 0.823397
0.659315 0.359683
0.879357 0.698841
0.57652 0.450733
0.490406 0.105177
0.571748 0.765241
0.485216 0.485924
0.556555 0.601559
0.196661 0.608335
0.304408 0.281328
0.757723 0.946323
0.772245 0.33483
0.154355 0.594988
0.275081 0.285516
0.631983 0.34506
0.202692 0.613976
0.130678 0.7842
0.300797 0.437659
0.157715 0.0403915
0.0320389 0.0290682
0.467434 0.528532
0.179308 0.235883
0.563776 0.174264
0.377091 0.0866118
0.308148 0.849082
0.563752 0.562801
0.742299 0.46978
0.131013 0.146021
0.251026 0.0560153
0.645437 0.460055
0.843777 0.808519
0.938096 0.527193
0.944099 0.760942
0.261307 0.119079
0.64652 0.237984
0.825163 0.658324
0.0145896 0.216957
0.0483508 0.171427
0.752041 0.899323
0.507496 0.554129
0.949348 0.927749
0.232198 0.0550952
0.43756 0.207563
0.767023 0.369652
0.70089 0.239574
0.84283 0.593284
0.595053 0.292551
0.0229716 0.406811
0.768139 0.933594
0.290926 0.800952
0.882431 0.470965
0.762586 0.980936
0.768272 0.590008
0.319905 0.175712
0.555957 0.988882
0.348789 0.200975
0.771025 0.740336
0.858432 0.53635
0.26348 0.265554
0.578841 0.458963
0.0710889 0.0685581
0.335436 0.0464629
0.294345 0.045384
0.353462 0.762223
0.374258 0.08011
0.579605 0.540181
0.570022 0.143345
0.378756 0.325981
0.261275 0.209537
0.0785118 0.209366
0.886139 0.842728
0.742782 0.259248
0.0377975 0.0291331
0.87897 0.65658
0.296961 0.698447
0.369812 0.0532106
0.507741 0.846588
0.805667 0.509935
0.832834 0.760454
0.828224 0.526746
0.0327648 0.0020236
0.939553 0.969788
0.326983 0.760705
0.429463 0.229718
0.573551 0.97061
0.165757 0.487792
0.656134 0.471698
0.0417717 0.430823
0.563324 0.12461
0.569145 0.413353
0.134632 0.74657
0.292521 0.628606
0.204085 0.540551
0.915372 0.457293
0.419332 0.801751
0.0444822 0.260389
0.267648 0.489761
0.983017 0.706661
0.90257 0.786317
0.416986 0.403278
0.572382 0.294279
0.903162 0.891768
0.380844 0.0959069
0.0739005 0.118215
0.89177 0.897231
0.73338 0.780286
0.810305 0.805828
0.288591 0.0585637
0.711211 0.67412
0.413376 0.489968
0.735368 0.87081
0.762884 0.630966
0.680312 0.521389
0.993878 0.839979
0.135143 0.0652317
0.761881 0.30862
0.821703 0.998774
0.0472119 0.742048
0.868662 0.68309
0.0576799 0.036941
0.404331 0.0956377
0.491163 0.552555
0.707792 0.269774
0.247201 0.25251
0.878377 0.953339
0.919613 0.966508
0.188701 0.982044
0.292899 0.064566
0.493942 0.223415
0.29963 0.501237
0.849187 0.822526
0.862537 0.645452
0.0904433 0.0151674
0.789705 0.859952
0.288412 0.184806
0.496933 0.475048
0.532062 0.995736
0.673611 0.758227
0.950013 0.897974
0.765176 0.469081
0.142237 0.0376143
0.875522 0.870429
0.618611 0.666716
0.0865896 0.0416009
0.372657 0.0782416
0.624381 0.552467
0.026861 0.248744
0.962118 0.719048
0.775176 0.415212
0.963324 0.635595
0.162372 0.71087
0.159164 0.089586
0.963381 0.877665
0.201291 0.625336
0.0636669 0.252283
0.501982 0.141749
0.895593 0.461301
0.0954704 0.944402
0.255379 0.45281
0.544174 0.571439
0.374641 0.401912
0.372122 0.650691
0.237772 0.0247667
0.111894 0.378596
0.604333 0.614102
0.258697 0.0976059
0.180817 0.552604
0.857233 0.355715
0.848583 0.765584
0.0490028 0.801374
0.71237 0.463072
0.278287 0.995915
0.816176 0.695384
0.813387 0.977972
0.969489 0.801199
0.59519 0.352958
0.138547 0.448731
0.94818 0.963272
0.653568 0.29923
0.750457 0.329034
0.240636 0.163037
0.701789 0.454101
0.400858 0.684482
0.0383394 0.831588
0.403847 0.586392
0.0422446 0.00298634
0.888109 0.400503
0.708596 0.421391
0.345554 0.11191
0.416973 0.209628
0.608993 0.411496
0.0435612 0.00327653
0.257269 0.0586387
0.032083 0.629645
0.376111 0.97384
0.86084 0.894546
0.573358 0.244342
0.160243 0.325983
0.0739065 0.0383605
0.247393 0.332988
0.312652 0.123658
0.711737 0.892185
0.865233 0.680953
0.475647 0.218605
0.858918 0.299888
0.363145 0.0474381
0.749879 0.717413
0.731836 0.592004
0.643859 0.141269
0.323773 0.481802
0.46974 0.835855
0.501044 0.257974
0.887011 0.848518
0.336334 0.612143
0.494327 0.237676
0.599122 0.287832
0.545247 0.980035
0.855572 0.525909
0.752685 0.236688
0.563141 0.245427
0.592111 0.913973
0.0463268 0.743681
0.741795 0.347858
0.634258 0.537438
0.290243 0.747801
0.31046 0.904984
0.190129 0.115285
0.00526262 0.339338
0.406704 0.175021
0.979526 0.806577
0.992104 0.661709
0.554901 0.551504
0.851947 0.800776
0.292759 0.558075
0.1931 0.865454
0.917774 0.492304
0.867197 0.775889
0.891243 0.987751
0.948496 0.992981
0.434952 0.555876
0.938101 0.625938
0.600836 0.978896
0.397497 0.26994
0.632407 0.623221
0.942892 0.781346
0.55119 0.765536
0.417603 0.386132
0.0604019 0.0324302
0.946474 0.87514
0.651873 0.365931
0.00424478 0.557368
0.638222 0.294184
0.940738 0.567351
0.187264 0.410695
0.989718 0.963892
0.354105 0.376595
0.16968 0.776725
0.908095 0.49245
0.293376 0.579214
0.423396 0.768017
0.177533 0.679933
0.195393 0.963231
0.136747 0.0448353
0.532378 0.958199
0.887266 0.41602
0.762763 0.361705
0.869817 0.366958
0.147558 0.920515
0.538585 0.649188
0.409928 0.406081
0.480344 0.213321
0.476976 0.266164
0.0230184 0.29874
0.375314 0.200058
0.912728 0.933609
0.178147 0.20065
0.69785 0.166358
0.232296 0.573029
0.355039 0.707575
0.927312 0.74237
0.686831 0.374709
0.221096 0.813033
0.174304 0.450522
0.98312 0.928184
0.863923 0.871479
0.801701 0.815716
0.45682 0.342547
0.981205 0.679849
0.235793 0.605456
0.342597 0.989723
0.709677 0.398893
0.897678 0.713021
0.0513344 0.714092
0.734985 0.548791
0.0466874 0.051062
0.306445 0.868777
0.701884 0.856136
0.726732 0.899407
0.919204 0.744528
0.182347 0.214827
0.811276 0.988422
0.512298 0.548622
0.82043 0.559469
0.577584 0.152586
0.145218 0.737419
0.631792 0.96327
0.285153 0.388726
0.899193 0.496398
0.276438 0.136774
0.721612 0.279366
0.640274 0.161138
0.718775 0.980279
0.792606 0.49303
0.959652 0.611438
0.465302 0.544842
0.544517 0.877637
0.270979 0.869521
0.795802 0.277651
0.5205 0.857332
0.460229 0.0911108
0.950171 0.754049
0.754077 0.363146
0.398941 0.196754
0.172451 0.471119
0.525038 0.839108
0.659743 0.691723
0.673111 0.919892
0.0166494 0.148914
0.480198 0.288291
0.922701 0.468122
0.311301 0.0606091
0.986646 0.747216
0.355752 0.446386
0.06984 0.98157
0.187506 0.0273093
0.254441 0.425573
0.650739 0.223658
0.31984 0.337704
0.783903 0.225623
0.249044 0.0448465
0.604336 0.393786
0.977916 0.62566
0.791327 0.646756
0.900478 0.859108
0.521361 0.165423
0.128943 0.712432
0.826668 0.681043
0.723024 0.782322
0.665162 0.616788
0.907391 0.990417
0.237439 0.965765
0.824458 0.595981
0.525359 0.983711
0.55045 0.534976
0.323703 0.440714
0.78426 0.968489
0.183362 0.662748
0.70611 0.352317
0.26512 0.0900164
0.263795 0.503062
0.203926 0.0509145
0.122149 0.0608318
0.165773 0.0468322
0.936253 0.492171
0.232096 0.517465
0.262847 0.281382
0.840438 0.669043
0.215166 0.444625
0.918467 0.964057
0.798521 0.564302
0.234352 0.842699
0.827679 0.476822
0.06662 0.989386
0.992769 0.913493
0.345948 0.279779
0.0926566 0.115761
0.026838 0.11028
0.153681 0.234309
0.053873 0.357432
0.0459294 0.00732602
0.103224 0.872134
0.418334 0.257776
0.728536 0.51512
0.628858 0.916621
0.554382 0.925375
0.270519 0.441791
0.560278 0.535952
0.0419117 0.0135433
0.809118 0.695657
0.814551 0.649427
0.469714 0.274026
0.204618 0.1082
0.951928 0.6498
0.921874 0.963212
0.491294 0.732729
0.561775 0.461536
0.464634 0.258711
0.42134 0.383744
0.114716 0.535006
0.939614 0.527856
0.929245 0.612897
0.00421953 0.00973033
0.523913 0.920586
0.696514 0.49317
0.18077 0.0269891
0.868962 0.716573
0.992174 0.931291
0.75683 0.602883
0.299573 0.128953
0.903108 0.451663
0.51687 0.948894
0.129497 0.0383567
0.982757 0.763245
0.0080981 0.00906216
0.757016 0.852378
0.878079 0.978249
0.998435 0.981906
0.643481 0.489813
0.245217 0.845141
0.171622 0.14159
0.128018 0.792829
0.086725 0.371516
0.461597 0.241381
0.0519984 0.0262382
0.363595 0.35063
0.270642 0.112469
0.251659 0.217268
0.455333 0.320941
0.411778 0.673504
0.536274 0.83901
0.518752 0.123046
0.32979 0.263553
0.114459 0.314407
0.431608 0.373763
0.849471 0.444029
0.834295 0.309564
0.972156 0.826741
0.846079 0.798523
0.10982 0.276314
0.0872992 0.976541
0.76841 0.547396
0.559189 0.427441
0.21158 0.421175
0.168398 0.528013
0.722688 0.466676
0.42945 0.598177
0.896944 0.502295
0.45405 0.515795
0.061632 0.256254
0.156428 0.308229
0.883157 0.395457
0.402041 0.343035
0.554559 0.125083
0.88176 0.74694
0.992731 0.708156
0.960537 0.576274
0.4358 0.114927
0.880607 0.669165
0.065351 0.0592264
0.399006 0.213052
0.1471 0.0397234
0.625817 0.848176
0.771617 0.95286
0.339662 0.889035
0.375444 0.673404
0.629066 0.844958
0.261865 0.71887
0.736643 0.250791
0.386408 0.463825
0.601019 0.863499
0.207677 0.329692
0.211555 0.75954
0.768821 0.365764
0.404365 0.102945
0.325694 0.374771
0.824263 0.65298
0.289931 0.179801
0.868164 0.924704
0.752554 0.460391
0.711043 0.209987
0.355872 0.568356
0.544384 0.858491
0.87148 0.559384
0.740983 0.559281
0.160637 0.0174657
0.713573 0.420248
0.779733 0.637728
0.144253 0.0870032
0.352027 0.201131
0.954646 0.57655
0.446794 0.605716
0.522595 0.618947
0.411069 0.731197
0.78305 0.615595
0.926522 0.548087
0.0974722 0.38657
0.46962 0.38067
0.480115 0.59343
0.769694 0.936254
0.090795 0.128861
0.44362 0.224327
0.462044 0.29391
0.814445 0.372375
0.771836 0.495008
0.988975 0.746304
0.62611 0.958686
0.481872 0.834019
0.259435 0.391987
0.814267 0.457946
0.717106 0.550339
0.940664 0.989134
0.761881 0.39712
0.658506 0.578345
0.208459 0.141591
0.892959 0.643254
0.0695652 0.822375
0.265509 0.97691
0.923722 0.69777
0.457892 0.100283
0.127274 0.361962
0.601791 0.551274
0.838543 0.360477
0.881683 0.636603
0.725218 0.600335
0.588932 0.722445
0.607911 0.286225
0.043893 0.222724
0.496086 0.752784
0.727552 0.790088
0.58908 0.905165
0.438881 0.661901
0.713528 0.620582
0.963268 0.594509
0.805793 0.473801
0.427705 0.761257
0.965278 0.55214
0.8314 0.959646
0.958099 0.475916
0.174777 0.3647
0.477213 0.998643
0.624335 0.607705
0.704992 0.86827
0.445761 0.153641
0.778281 0.914248
0.86561 0.653626
0.510282 0.141479
0.454704 0.922665
0.229815 0.42147
0.552608 0.289333
0.686733 0.345383
0.876178 0.831125
0.444488 0.280163
0.264352 0.0238284
0.624779 0.639935
0.993387 0.746249
0.757151 0.326957
0.0485752 0.0686144
0.954113 0.756297
0.22949 0.520623
0.784866 0.271388
0.415597 0.0901816
0.256745 0.787199
0.926855 0.84451
0.416364 0.554539
0.836253 0.83825
0.302751 0.472348
0.329181 0.546808
0.930837 0.785674
0.104602 0.362791
0.559067 0.409305
0.0075825 0.837566
0.325787 0.940602
0.796307 0.73118
0.723787 0.324492
0.894977 0.573324
0.700346 0.158764
0.400484 0.504717
0.167404 0.239215
0.320873 0.576755
0.27865 0.898148
0.624856 0.144018
0.91295 0.43881
0.951302 0.747952
0.51447 0.22187
0.684295 0.330323
0.908317 0.961559
0.793625 0.800511
0.050113 0.0297377
0.898283 0.593277
0.403748 0.206866
0.0945146 0.324577
0.726813 0.771583
0.95987 0.914638
0.625484 0.176884
0.543853 0.499172
0.968586 0.82423
0.0895112 0.372066
0.569865 0.415217
0.593796 0.642278
0.752398 0.790039
0.802737 0.419526
0.216682 0.325426
0.332967 0.401576
0.30105 0.489605
0.440771 0.821388
0.52669 0.702904
0.182028 0.0450572
0.781565 0.326928
0.172808 0.246613
0.23548 0.939948
0.894582 0.642231
0.955561 0.420037
0.757642 0.297763
0.525509 0.192031
0.982911 0.808933
0.549524 0.92582
0.142484 0.195473
0.7373 0.701214
0.167655 0.0861385
0.74404 0.734777
0.431161 0.530176
0.178422 0.719358
0.549442 0.5741
0.0208437 0.000820535
0.122308 0.0769018
0.801414 0.329433
0.627712 0.417067
0.36226 0.965637
0.113157 0.482966
0.970818 0.806873
0.562423 0.392679
0.33991 0.172148
0.468522 0.983558
0.874696 0.841343
0.301741 0.153459
0.781868 0.647856
0.626321 0.512582
0.411346 0.141971
0.414277 0.378003
0.404298 0.233816
0.605238 0.706142
0.338318 0.236709
0.250053 0.61237
0.095613 0.413849
0.576683 0.205909
0.120684 0.651753
0.561942 0.629808
0.849419 0.448328
0.54682 0.468991
0.870811 0.501741
0.490069 0.261034
0.448054 0.838016
0.650982 0.332456
0.653758 0.743164
0.31794 0.942272
0.0446946 0.72056
0.606879 0.19885
0.991355 0.890491
0.0729933 0.190626
0.648829 0.205709
0.827254 0.613866
0.764449 0.941026
0.169361 0.46397
0.384567 0.118026
0.584939 0.217795
0.718413 0.183488
0.193853 0.0560919
0.736709 0.177604
0.268257 0.19027
0.682148 0.951559
0.564437 0.334505
0.688391 0.488798
0.381569 0.475526
0.994086 0.772148
0.0508752 0.0251701
0.447119 0.477811
0.85299 0.730971
0.628535 0.364913
0.141987 0.253323
0.748264 0.213724
0.037296 0.593175
0.384349 0.490644
0.250943 0.494269
0.62626 0.262656
0.551313 0.65422
0.971546 0.883431
0.591545 0.672054
0.714813 0.968987
0.583411 0.553429
0.905923 0.815236
0.245373 0.0958816
0.629391 0.656721
0.919524 0.406831
0.961166 0.771311
0.224495 0.556385
0.0750451 0.509649
0.162439 0.0780112
0.798463 0.957043
0.902836 0.620996
0.738293 0.545804
0.760324 0.600382
0.771803 0.29434
0.683602 0.15557
0.561836 0.347202
0.407082 0.217672
0.143737 0.466845
0.917705 0.623143
0.72336 0.603568
0.694985 0.619102
0.658224 0.367628
0.55158 0.364798
0.538214 0.843032
0.609582 0.207271
0.461992 0.683872
0.752824 0.948638
0.393373 0.686183
0.689472 0.149164
0.606758 0.605139
0.734047 0.597308
0.894366 0.807893
0.393107 0.511313
0.889151 0.370001
0.865989 0.778544
0.724951 0.578563
0.700026 0.697454
0.820018 0.933622
0.353458 0.972848
0.096221 0.838702
0.565086 0.828405
0.459328 0.625639
0.507171 0.336578
0.811664 0.654251
0.136838 0.798653
0.520929 0.274176
0.787249 0.558082
0.244738 0.240414
0.122603 0.0674823
0.228301 0.036967
0.958303 0.724083
0.654558 0.678631
0.0826524 0.692244
0.418926 0.965129
0.701866 0.705093
0.411702 0.602403
0.681673 0.689047
0.700521 0.238791
0.212497 0.299687
0.649849 0.745377
0.624431 0.431815
0.834012 0.271624
0.952388 0.809036
0.991671 0.851826
0.51342 0.794994
0.889747 0.98633
0.270388 0.54453
0.0340232 0.449973
0.927945 0.367381
0.249009 0.0493054
0.703509 0.456149
0.753665 0.841676
0.320958 0.738261
0.454291 0.367009
0.830644 0.536401
0.985314 0.621954
0.104742 0.126578
0.27605 0.253509
0.556587 0.317916
0.901323 0.9422
0.903228 0.450593
0.132395 0.980448
0.152859 0.320734
0.740944 0.732811
0.394119 0.560216
0.769146 0.530907
0.491287 0.199491
0.52818 0.511224
0.785034 0.658762
0.229364 0.559614
0.970306 0.642747
0.884974 0.410557
0.37574 0.573815
0.176786 0.155595
0.899415 0.813068
0.604993 0.221029
0.148905 0.11671
0.877321 0.996823
0.0237583 0.248739
0.317886 0.0923897
0.479345 0.779958
0.461084 0.514068
0.913334 0.965935
0.254394 0.143236
0.807502 0.396641
0.433077 0.727945
0.646163 0.222015
0.824564 0.836286
0.558873 0.602333
0.347946 0.408132
0.015353 0.961111
0.718678 0.438536
0.179178 0.322864
0.306931 0.821574
0.884673 0.874048
0.584629 0.999676
0.322223 0.160912
0.109398 0.298651
0.619665 0.383005
0.382766 0.938853
0.229731 0.462259
0.423799 0.170975
0.617306 0.781796
0.64068 0.947434
0.0397981 0.00838782
0.758568 0.888047
0.0499112 0.399535
0.905664 0.883535
0.859483 0.892763
0.378562 0.570148
0.938738 0.829808
0.215052 0.445467
0.570278 0.279794
0.785681 0.21895
0.253091 0.358536
0.730177 0.297586
0.150238 0.0568646
0.923318 0.822391
0.39749 0.120623
0.405346 0.59185
0.931589 0.413113
0.922259 0.594943
0.0134688 0.00495764
0.0510968 0.739942
0.857611 0.469998
0.453158 0.432784
0.498668 0.518581
0.510332 0.599533
0.582842 0.285479
0.891275 0.892792
0.585108 0.865806
0.729982 0.179103
0.314394 0.240403
0.843295 0.611439
0.130395 0.488407
0.0717406 0.880393
0.548239 0.283125
0.642797 0.272958
0.672856 0.447571
0.133833 0.941106
0.31683 0.0383909
0.634618 0.577163
0.417773 0.146084
0.49141 0.358284
0.156991 0.16783
0.818762 0.981015
0.96219 0.692693
0.388803 0.506478
0.819246 0.669582
0.796072 0.752124
0.0921686 0.192515
0.90651 0.600391
0.300952 0.374681
0.860259 0.33106
0.905869 0.729596
0.175374 0.110382
0.0258534 0.00680837
0.586556 0.890025
0.226601 0.903328
0.409891 0.250538
0.179011 0.394126
0.691455 0.875035
0.808478 0.716848
0.472226 0.2013
0.677616 0.271267
0.599699 0.498615
0.908964 0.866609
0.397581 0.717139
0.469545 0.317718
0.089904 0.022303
0.22149 0.357116
0.444422 0.70384
0.735762 0.417928
1.96434e-05 6.29503e-06
0.576247 0.60129
0.0558642 0.100323
0.503297 0.0730103
0.82621 0.565484
0.457952 0.121167
0.627615 0.295864
0.256908 0.644421
0.405819 0.217766
0.810586 0.728715
0.62546 0.850373
0.106798 0.0143393
0.948192 0.487539
0.12283 0.706512
0.147375 0.130096
0.969862 0.880645
0.342779 0.902888
0.928815 0.992173
0.791439 0.330667
0.181983 0.564752
0.988428 0.798836
0.810102 0.411467
0.0410767 0.388558
0.875063 0.28337
0.391766 0.140556
0.0488052 0.924388
0.549507 0.288344
0.951689 0.95817
0.0325881 0.263289
0.859214 0.314162
0.576704 0.269904
0.26966 0.0584291
0.598038 0.435326
0.375311 0.705071
0.578088 0.148945
0.26118 0.924481
0.702477 0.442838
0.195541 0.122108
0.384719 0.197617
0.86843 0.301212
0.840805 0.262794
0.0731967 0.994112
0.216433 0.206788
0.759332 0.621516
0.336047 0.146533
0.601445 0.723544
0.787596 0.956293
0.37265 0.0549243
0.0944622 0.472242
0.190648 0.0872766
0.391577 0.100391
0.513244 0.110442
0.381815 0.28983
0.507973 0.792952
0.469181 0.456521
0.32918 0.412135
0.0492036 0.479524
0.406279 0.0615445
0.274959 0.977763
0.943769 0.835923
0.84417 0.45838
0.266562 0.390272
0.282565 0.808995
0.329689 0.90024
0.817643 0.290875
0.991502 0.683934
0.00246405 0.00016093
0.751601 0.426542
0.498227 0.426102
0.181214 0.222033
0.971705 0.653658
0.888588 0.754678
0.47094 0.208861
0.41054 0.267572
0.4425 0.987172
0.986458 0.593278
0.640591 0.835862
0.718806 0.975961
0.911832 0.589643
0.101654 0.0514102
0.0392944 0.50458
0.59385 0.115113
0.946837 0.413564
0.590163 0.430787
0.54364 0.588844
0.616188 0.551282
0.407628 0.66327
0.739594 0.689927
0.839105 0.35178
0.38557 0.935261
0.186907 0.492583
0.403387 0.412297
0.205672 0.286916
0.268353 0.0814575
0.0268177 0.0747602
0.105533 0.575771
0.000189869 0.669097
0.164831 0.834609
0.00307708 0.0215971
0.481586 0.379777
0.306544 0.211296
0.171398 0.560203
0.584149 0.700087
0.676008 0.167709
0.499929 0.463015
0.689388 0.266559
0.0293622 0.194391
0.29081 0.978769
0.447565 0.41318
0.0392501 0.0080875
0.264796 0.883662
0.681636 0.463984
0.781366 0.303693
0.145496 0.0737725
0.561205 0.390747
0.108608 0.192404
0.369867 0.580737
0.712566 0.915062
0.868286 0.747778
0.542892 0.510888
0.69503 0.72284
0.254564 0.200812
0.97535 0.857965
0.38216 0.816754
0.799931 0.307724
0.00606283 0.0821703
0.566561 0.459163
0.076383 0.0359111
0.591615 0.285261
0.964307 0.612527
0.843549 0.38672
0.00956365 0.179597
0.237067 0.307006
0.0290434 0.726537
0.0959505 0.559299
0.658828 0.570346
0.864934 0.868193
0.142165 0.950433
0.473169 0.560964
0.776075 0.739125
0.68485 0.628072
0.612584 0.715901
0.315771 0.0612544
0.110719 0.0182968
0.453381 0.700851
0.478537 0.514462
0.902283 0.815843
0.763213 0.537223
0.79086 0.777697
0.361094 0.917123
0.0960594 0.534278
0.723468 0.322619
0.872857 0.568051
0.263841 0.0502541
0.205499 0.955153
0.49787 0.341677
0.257872 0.212936
0.431705 0.415879
0.160032 0.0924293
0.942414 0.539931
0.445138 0.417031
0.924501 0.544325
0.191697 0.220192
0.851969 0.559276
0.51248 0.862013
0.996133 0.81759
0.459238 0.0869769
0.574014 0.6022
0.743433 0.940716
0.17702 0.0733745
0.166978 0.0541899
0.0786646 0.179796
0.911572 0.747848
0.226072 0.790946
0.357436 0.730365
0.627203 0.612555
0.942029 0.505332
0.507605 0.360551
0.295496 0.145263
0.772194 0.809921
0.922084 0.791074
0.651854 0.683672
0.731979 0.364314
0.332359 0.0630858
0.995122 0.693303
0.663085 0.184006
0.157368 0.447434
0.750817 0.599225
0.545632 0.458781
0.635987 0.72481
0.851763 0.473249
0.450908 0.421086
0.559197 0.703736
0.642021 0.156648
0.273272 0.945348
0.891782 0.930499
0.199307 0.801353
0.657277 0.173047
0.675802 0.35644
0.103404 0.0676555
0.878833 0.911108
0.272623 0.956796
0.0823931 0.0786395
0.760249 0.775758
0.575874 0.706489
0.264239 0.996236
0.585468 0.393795
0.795568 0.678249
0.612399 0.351351
0.476038 0.261906
0.338915 0.518874
0.923672 0.500588
0.0431179 0.0185562
0.0657691 0.666741
0.53458 0.343285
0.290537 0.173983
0.441797 0.50109
0.430883 0.912708
0.483414 0.914642
0.581575 0.925683
0.492305 0.625311
0.897389 0.973747
0.393992 0.302805
0.215989 0.216176
0.795286 0.377164
0.394819 0.668536
0.913948 0.483685
0.786059 0.581415
0.584343 0.433822
0.303572 0.245668
0.432371 0.140727
0.841528 0.375769
0.25543 0.29626
0.555035 0.518179
0.309722 0.397321
0.675506 0.774949
0.235984 0.112574
0.319663 0.210194
0.72916 0.989919
0.769717 0.992057
0.386574 0.318257
0.210256 0.929482
0.969397 0.890999
0.407289 0.280531
0.853928 0.913167
0.262899 0.895148
0.115887 0.251006
0.486224 0.292287
0.847006 0.790644
0.222186 0.469965
0.862312 0.649485
0.114382 0.0429986
0.551034 0.579527
0.896519 0.520477
0.556082 0.53362
0.622564 0.577267
0.259754 0.113317
0.128403 0.0112011
0.0277736 0.0741445
0.457561 0.0808691
0.706944 0.467458
0.667834 0.713268
0.540108 0.658837
0.184627 0.0906852
0.578892 0.747389
0.805213 0.914712
0.0548149 0.597778
0.0959022 0.046193
0.765634 0.687487
0.156041 0.967523
0.33952 0.893464
0.161109 0.900632
0.965295 0.914924
0.500773 0.150792
0.130092 0.0412761
0.836173 0.276538
0.199543 0.407442
0.673239 0.386287
0.646796 0.849472
0.979439 0.542158
0.794251 0.908872
0.989845 0.925727
0.0367034 0.846176
0.546528 0.825908
0.880787 0.341169
0.886617 0.40168
0.804173 0.950422
0.976085 0.713458
0.764946 0.726593
0.571755 0.812383
0.766625 0.429884
0.30551 0.551427
0.185787 0.0290223
0.687741 0.314638
0.597026 0.269421
0.539604 0.40869
0.532692 0.807112
0.592221 0.171109
0.99017 0.948407
0.788319 0.657261
0.720875 0.298932
0.153323 0.52331
0.0398589 0.0487092
0.62031 0.39922
0.435013 0.11853
0.321882 0.795602
0.616251 0.898548
0.873137 0.788921
0.725178 0.500698
0.680186 0.985101
0.551624 0.441214
0.332705 0.123287
0.952189 0.591545
0.842098 0.63873
0.681814 0.641674
0.538375 0.979989
0.855985 0.787915
0.684575 0.333164
0.175954 0.24256
0.399211 0.872805
0.108269 0.00892843
0.0232247 0.452424
0.274312 0.577507
0.579134 0.866701
0.6593 0.309354
0.0414007 0.581427
0.413534 0.536813
0.194987 0.652366
0.738163 0.596284
0.486457 0.159342
0.276408 0.268421
0.6712 0.409998
0.9403 0.58854
0.945291 0.689113
0.978182 0.674271
0.670524 0.548436
0.354711 0.382956
0.169993 0.945856
0.137896 0.19716
0.305958 0.28298
0.307186 0.138379
0.784724 0.379641
0.266972 0.900951
0.0425552 0.549062
0.453765 0.926974
0.204033 0.0391954
0.759157 0.791601
0.706775 0.195796
0.268615 0.20713
0.996395 0.902256
0.526888 0.696126
0.28955 0.948501
0.0536344 0.188544
0.945414 0.726201
0.226892 0.0391305
0.288226 0.0408393
0.540923 0.966928
0.0914941 0.306701
0.850814 0.620288
0.0603827 0.0609676
0.469251 0.723483
0.654445 0.62423
0.229253 0.408921
0.418411 0.159844
0.906862 0.787629
0.308127 0.485571
0.419795 0.292612
0.904556 0.872439
0.264075 0.788037
0.709425 0.531463
0.856614 0.938957
0.799602 0.712092
0.76313 0.884332
0.556722 0.228588
0.586493 0.642406
0.956272 0.911498
0.240802 0.98103
0.226574 0.36921
0.264095 0.498418
0.549955 0.370653
0.632598 0.832925
0.766233 0.535819
0.408821 0.671012
0.437251 0.0664769
0.3802 0.549439
0.0951601 0.171202
0.0547898 0.689415
0.606541 0.779581
0.100817 0.24861
0.952766 0.433194
0.566457 0.377664
0.409929 0.741121
0.715202 0.64949
0.74979 0.686595
0.0876339 0.0710864
0.359955 0.0641788
0.254845 0.895328
0.296831 0.144739
0.852418 0.680441
0.926884 0.720854
0.957881 0.873976
0.415345 0.311742
0.818533 0.419716
0.788936 0.911242
0.48323 0.465029
0.81406 0.751065
0.474911 0.613614
0.864297 0.874945
0.920963 0.778814
0.139371 0.233869
0.0349125 0.0238396
0.695445 0.579927
0.57086 0.182328
0.968323 0.521917
0.151664 0.362682
0.730514 0.254869
0.542979 0.443056
0.715525 0.943897
0.330803 0.712571
0.414079 0.936512
0.709903 0.404527
0.347145 0.0361505
0.899956 0.862225
0.946062 0.615445
0.160522 0.546999
0.921928 0.634027
0.730901 0.633816
0.160824 0.700211
0.450185 0.642666
0.250028 0.140923
0.0843787 0.413612
0.165071 0.0165238
0.0692653 0.945103
0.651703 0.943413
0.954886 0.87778
0.340135 0.216082
0.207879 0.477798
0.585376 0.250984
0.0762027 0.147428
0.40407 0.669288
0.140719 0.070026
0.382706 0.53027
0.267552 0.0909302
0.621679 0.696056
0.400292 0.730929
0.913197 0.424897
0.268934 0.474335
0.868658 0.4922
0.432935 0.355299
0.25031 0.116818
0.697538 0.787623
0.282209 0.396179
0.11754 0.0337054
0.339672 0.8335
0.310561 0.518816
0.554654 0.225209
0.56107 0.181135
0.234908 0.527803
0.749938 0.769802
0.762312 0.606625
0.965484 0.959443
0.791133 0.567816
0.0785947 0.913364
0.18447 0.0577048
0.869385 0.501645
0.999722 0.917964
0.155079 0.255784
0.380071 0.123753
0.672303 0.343077
0.984612 0.584112
0.885702 0.654581
0.622335 0.235337
0.868519 0.884998
0.293924 0.679718
0.325046 0.667841
0.349424 0.968429
0.726145 0.545664
0.159389 0.45855
0.630399 0.921027
0.135513 0.186283
0.722685 0.49004
0.33816 0.0657379
0.750535 0.619969
0.211416 0.0893939
0.768468 0.80939
0.0402933 0.0146406
0.642915 0.743748
0.849499 0.599681
0.223788 0.485551
0.598264 0.235122
0.973865 0.903377
0.281425 0.829776
0.569 0.16674
0.0802044 0.590953
0.400847 0.944613
0.749117 0.867774
0.056834 0.0667578
0.452237 0.084631
0.129371 0.213568
0.834212 0.289271
0.6146 0.542008
0.617197 0.684176
0.833815 0.319825
0.0247053 0.842294
0.0294867 0.00348884
0.425539 0.808985
0.894783 0.854495
0.665378 0.939176
0.998229 0.737614
0.781077 0.432373
0.0798841 0.0714061
0.827092 0.234551
0.817029 0.708684
0.0436748 0.0565214
0.30346 0.109998
0.178155 0.712805
0.0340376 0.0806232
0.61418 0.250577
0.426379 0.253646
0.297329 0.370126
0.289953 0.737005
0.455849 0.619854
0.406103 0.912943
0.16559 0.308559
0.0279722 0.0133711
0.665421 0.421726
0.322257 0.917453
0.951628 0.51107
0.32129 0.550117
0.415699 0.63801
0.0403141 0.125788
0.936956 0.799505
0.521677 0.349491
0.296609 0.443901
0.809135 0.363258
0.149958 0.770473
0.137823 0.331944
0.573328 0.35556
0.0806321 0.0637683
0.888066 0.633777
0.985516 0.755106
0.765755 0.248972
0.841581 0.881829
0.0675244 0.261384
0.713339 0.580393
0.662836 0.41186
0.461456 0.664724
0.258466 0.730896
0.316046 0.41474
0.821464 0.866359
0.170702 0.0200777
0.973591 0.952906
0.794705 0.460391
0.995206 0.729478
0.640229 0.513537
0.536081 0.401198
0.437708 0.585271
0.543197 0.505637
0.522688 0.319164
0.588775 0.20455
0.554838 0.163085
0.482947 0.331992
0.624569 0.301568
0.281014 0.0654574
0.0801924 0.962712
0.359242 0.189927
0.64814 0.400998
0.94978 0.785168
0.518497 0.657262
0.087371 0.112121
0.331739 0.055197
0.235913 0.863822
0.161465 0.0731276
0.702065 0.613879
0.501714 0.823025
0.21914 0.424583
0.0746065 0.215077
0.884425 0.998796
0.342138 0.499387
0.702216 0.240523
0.85659 0.336899
0.173596 0.0469649
0.478592 0.302516
0.589863 0.366131
0.433353 0.657684
0.539521 0.558114
0.499707 0.898394
0.380136 0.229841
0.212247 0.748806
0.722132 0.542911
0.0665662 0.0571129
0.341281 0.274598
0.623541 0.693016
0.816414 0.61575
0.86611 0.494314
0.288715 0.825388
0.424334 0.898669
0.466917 0.546204
0.732904 0.538527
0.883285 0.586415
0.289589 0.0687469
0.22932 0.610732
0.442008 0.291818
0.625213 0.84294
0.871107 0.955817
0.815287 0.495328
0.407831 0.864329
0.702261 0.729936
0.720982 0.627257
0.157975 0.0806392
0.12705 0.449706
0.160161 0.718501
0.815 0.484108
0.783724 0.302193
0.617189 0.411852
0.850074 0.870998
0.939608 0.98114
0.496282 0.436494
0.2827 0.288116
0.785279 0.319376
0.903982 0.972218
0.789668 0.847743
0.703933 0.273724
0.0590352 0.57799
0.943768 0.404572
0.425749 0.446022
0.539746 0.56513
0.273645 0.619385
0.15236 0.0375016
0.47569 0.627262
0.385461 0.488996
0.362794 0.245382
0.477988 0.23589
0.684708 0.274013
0.496429 0.835327
0.350613 0.904394
0.610397 0.594568
0.353406 0.153007
0.123111 0.406493
0.712915 0.459566
0.844392 0.539513
0.747174 0.552287
0.500013 0.90068
0.454177 0.857526
0.245535 0.112266
0.515488 0.78905
0.507151 0.182742
0.88933 0.355149
0.676876 0.629632
0.130217 0.150163
0.722688 0.226748
0.200224 0.752563
0.1784 0.588052
0.52915 0.19867
0.943284 0.832467
0.613165 0.596542
0.231717 0.0742502
0.355485 0.116048
0.0144323 0.00122466
0.27751 0.329449
0.108258 0.0218745
0.646992 0.487671
0.885616 0.986409
0.5082 0.655438
0.985285 0.855754
0.713998 0.621376
0.377386 0.24041
0.907101 0.993903
0.150536 0.946274
0.824194 0.720881
0.869645 0.94462
0.161735 0.069561
0.942287 0.455517
0.86519 0.978479
0.619089 0.216693
0.0415121 0.459877
0.608726 0.901972
0.28235 0.135208
0.385073 0.369064
0.974406 0.954699
0.00617008 0.000441137
0.477668 0.754116
0.336688 0.79336
0.250417 0.832947
0.840568 0.410693
0.400381 0.238062
0.565299 0.197172
0.382579 0.86539
0.481743 0.884437
0.72705 0.369958
0.381366 0.795559
0.215778 0.82053
0.383843 0.474316
0.685064 0.860584
0.612312 0.475117
0.802281 0.373711
0.623665 0.229358
0.992065 0.897521
0.666392 0.696629
0.749978 0.398521
0.160679 0.0503849
0.310415 0.809894
0.54769 0.448738
0.707013 0.943203
0.867233 0.340224
0.628979 0.526563
0.373395 0.879691
0.827152 0.656344
0.635637 0.716369
0.456317 0.216359
0.832553 0.622418
0.746713 0.837322
0.55975 0.201824
0.386094 0.534156
0.693633 0.515746
0.865847 0.383856
0.788044 0.381635
0.274292 0.20061
0.905165 0.593837
0.0268659 0.294875
0.610799 0.24803
0.57847 0.796985
0.895543 0.494532
0.664167 0.851882
0.922861 0.3755
0.10976 0.3113
0.614489 0.776077
0.0242631 0.65028
0.306989 0.106688
0.282826 0.91004
0.16223 0.0161861
0.722246 0.193353
0.299263 0.892344
0.339723 0.533641
0.560455 0.603758
0.148184 0.0882099
0.226713 0.703391
0.660013 0.384113
0.137703 0.128446
0.728692 0.873944
0.885862 0.971625
0.845965 0.725265
0.933037 0.952248
0.344194 0.683408
0.487313 0.938152
0.828016 0.667046
0.240284 0.822779
0.272174 0.523575
0.666137 0.171681
0.677794 0.479781
0.44755 0.879125
0.293166 0.0831534
0.839955 0.313249
0.6648 0.767295
0.187408 0.424295
0.351644 0.203245
0.682732 0.807466
0.0313731 0.357848
0.67951 0.290584
0.890643 0.604574
0.650374 0.207819
0.69082 0.856046
0.584527 0.197278
0.187673 0.0671652
0.318865 0.381327
0.62052 0.145061
0.768544 0.5486
0.525929 0.380611
0.847206 0.352066
0.057312 0.0181717
0.246437 0.846116
0.985529 0.88128
0.424618 0.353198
0.21123 0.0377387
0.547606 0.383238
0.489703 0.940434
0.396705 0.147599
0.010706 0.0302485
0.223494 0.910593
0.679018 0.795253
0.518135 0.875029
0.0316089 0.00361594
0.428029 0.579663
0.133384 0.435588
0.717742 0.470836
0.531663 0.258654
0.520383 0.487266
0.473196 0.137744
0.498446 0.385191
0.871514 0.690852
0.841356 0.733841
0.940804 0.759867
0.07964 0.276235
0.897516 0.951107
0.021288 0.00968569
0.957851 0.671276
0.758814 0.969382
0.11565 0.729613
0.574747 0.672657
0.373602 0.577475
0.905768 0.710856
0.386778 0.242919
0.939201 0.768077
0.805218 0.685972
0.0332588 0.160216
0.908225 0.568018
0.957546 0.554011
0.873479 0.518095
0.850296 0.988986
0.69351 0.732346
0.900581 0.943159
0.762125 0.323676
0.426994 0.129997
0.442794 0.380182
0.608626 0.778643
0.245023 0.33414
0.241066 0.980206
0.29191 0.377775
0.171416 0.463994
0.407733 0.601173
0.211021 0.91075
0.197245 0.156811
0.545431 0.100481
0.847517 0.691093
0.610698 0.749799
0.667601 0.995917
0.480561 0.240568
0.00859825 0.174064
0.254888 0.464593
0.788132 0.818585
0.570305 0.152761
0.991297 0.781008
0.130912 0.105875
0.233594 0.345081
0.16939 0.237497
0.861012 0.414188
0.917089 0.468542
0.139756 0.151361
0.535922 0.245839
0.723275 0.879034
0.458432 0.789164
0.216953 0.499236
0.869512 0.771549
0.0566523 0.0646176
0.552455 0.208262
0.627359 0.189846
0.514383 0.383544
0.0922104 0.322871
0.0126095 0.335548
0.709435 0.892603
0.459492 0.52089
0.483378 0.544442
0.330133 0.117151
0.218255 0.930836
0.992751 0.665524
0.226735 0.480252
0.00440792 0.000480396
0.267079 0.312144
0.756348 0.515463
0.749481 0.683626
0.627261 0.652672
0.371228 0.29216
0.484851 0.124721
0.110949 0.0156364
0.856267 0.361954
0.535347 0.393855
0.767581 0.273869
0.615866 0.907289
0.941915 0.866117
0.836051 0.266164
0.170074 0.0528764
0.625596 0.473531
0.778517 0.855777
0.949367 0.558583
0.362694 0.775485
0.990482 0.909537
0.784408 0.501938
0.743144 0.3347
0.189377 0.384172
0.863292 0.806336
0.452423 0.692686
0.413423 0.982604
0.074693 0.069743
0.646075 0.483319
0.722239 0.564934
0.267475 0.16879
0.870157 0.471929
0.243492 0.473185
0.749619 0.382196
0.693496 0.859478
0.688305 0.443645
0.422037 0.468066
0.72804 0.866931
0.848881 0.488365
0.560245 0.27873
0.369084 0.815375
0.361084 0.255606
0.434183 0.458333
0.811115 0.386981
0.258227 0.0838557
0.619922 0.819434
0.708175 0.738483
0.375016 0.222305
0.0331506 0.597328
0.619254 0.826315
0.947431 0.976183
0.507911 0.321613
0.504151 0.709095
0.689277 0.209652
0.617533 0.785582
0.788889 0.79284
0.412395 0.203482
0.339354 0.621217
0.321834 0.512122
0.933144 0.718343
0.487277 0.448546
0.291999 0.150109
0.384604 0.386782
0.282986 0.665554
0.277682 0.105881
0.790253 0.394041
0.806268 0.458816
0.223352 0.31699
0.0569923 0.047706
0.454497 0.159159
0.448608 0.607553
0.642565 0.710547
0.204707 0.948254
0.647633 0.254636
0.962145 0.599683
0.283517 0.1422
0.336318 0.865983
0.031865 0.435765
0.177307 0.0186387
0.234814 0.125838
0.865119 0.814142
0.651684 0.662771
0.0665835 0.719226
0.207511 0.103748
0.612922 0.519908
0.648197 0.56685
0.759993 0.981825
0.706639 0.281448
0.481975 0.979479
0.525526 0.656359
0.911267 0.816441
0.383236 0.179411
0.546586 0.553667
0.813878 0.31202
0.693734 0.908043
0.2214 0.638651
0.158031 0.704191
0.702145 0.837672
0.557118 0.375601
0.686719 0.146021
0.642233 0.178736
0.61605 0.350836
0.22716 0.447708
0.633103 0.491183
0.440872 0.189095
0.625891 0.220386
0.305843 0.915722
0.904572 0.836262
0.906304 0.516925
0.40337 0.738142
0.644657 0.22638
0.460074 0.991683
0.244097 0.0430581
0.225792 0.0330661
0.0681002 0.215028
0.66457 0.811154
0.335083 0.963207
0.296537 0.709886
0.78153 0.542364
0.278602 0.843439
0.552322 0.494443
0.367992 0.262953
0.856712 0.351339
0.92508 0.846882
0.79979 0.247574
0.508369 0.318479
0.553038 0.565525
0.561056 0.289469
0.623986 0.256517
0.972853 0.794309
0.481314 0.521822
0.279655 0.910377
0.844973 0.285615
0.883926 0.812974
0.634838 0.252937
0.958925 0.776183
0.201957 0.859834
0.323758 0.543428
0.785678 0.786682
0.564908 0.698362
0.198076 0.041822
0.62354 0.98434
0.414597 0.197181
0.792213 0.779378
0.601437 0.753173
0.581396 0.187346
0.585102 0.335274
0.801536 0.331687
0.415043 0.80549
0.396527 0.745926
0.4537 0.519698
0.276664 0.923664
0.013645 0.00381895
0.407218 0.135045
0.600027 0.40811
0.758495 0.4726
0.140458 0.0308457
0.112617 0.0123052
0.0191827 0.419008
0.913265 0.840916
0.767151 0.180417
0.220503 0.584288
0.92623 0.65566
0.631953 0.799075
0.984937 0.738513
0.875328 0.921245
0.608879 0.923478
0.765302 0.831155
0.693169 0.894575
0.867804 0.654241
0.424336 0.216867
0.741732 0.613344
0.130234 0.0270407
0.612731 0.965625
0.536881 0.882723
0.126864 0.175488
0.673301 0.719851
0.365735 0.536781
0.646479 0.792516
0.643368 0.120129
0.40347 0.111013
0.762588 0.385218
0.828059 0.29351
0.17853 0.977621
0.170673 0.705343
0.621605 0.154079
0.897785 0.962573
0.130737 0.163769
0.303742 0.117714
0.838854 0.714626
0.763952 0.470133
0.897906 0.680362
0.609607 0.608093
0.263637 0.644165
0.204576 0.336161
0.367532 0.20486
0.521942 0.135552
0.13244 0.319603
0.679436 0.765483
0.70627 0.965026
0.997195 0.916614
0.179573 0.305358
0.820545 0.669654
0.186629 0.0684735
0.247305 0.0268439
0.311369 0.320633
0.441694 0.682535
0.540497 0.257693
0.5986 0.580016
0.176528 0.722582
0.272232 0.874961
0.74486 0.423563
0.655548 0.351366
0.1567 0.749063
0.51337 0.293453
0.668517 0.256513
0.771544 0.444097
0.543663 0.738718
0.823611 0.548013
0.367395 0.0436625
0.542046 0.799281
0.971403 0.630848
0.163396 0.0269027
0.635116 0.806527
0.734221 0.915529
0.261761 0.500588
0.798369 0.928255
0.29425 0.313662
0.90074 0.47939
0.468616 0.760821
0.504795 0.469039
0.971551 0.94229
0.617287 0.133329
0.440619 0.0790331
0.639341 0.772725
0.926327 0.971723
0.558018 0.0999072
0.539702 0.467841
0.192827 0.111728
0.816724 0.397274
0.861818 0.812168
0.144629 0.110264
0.835348 0.677788
0.325883 0.343143
0.491712 0.98957
0.844901 0.908937
0.14096 0.281304
0.35649 0.767582
0.238492 0.390855
0.750478 0.666618
0.989674 0.717359
0.0306443 0.0236579
0.491489 0.955629
0.306304 0.237133
0.930029 0.626821
0.81814 0.417891
0.584192 0.584654
0.0324755 0.32127
0.233254 0.0897628
0.48649 0.93941
0.531864 0.435268
0.665131 0.151495
0.356625 0.868028
0.466396 0.723183
0.942592 0.978446
0.880768 0.375729
0.685316 0.756806
0.324442 0.79839
0.326063 0.760935
0.0117759 0.0152548
0.662094 0.187507
0.574514 0.919887
0.196334 0.186342
0.876332 0.457265
0.576457 0.986062
0.226793 0.413416
0.377195 0.90598
0.667334 0.130199
0.41752 0.647805
0.643182 0.862052
0.47114 0.264368
0.61979 0.377081
0.592004 0.109741
0.989416 0.691826
0.0907771 0.11718
0.518709 0.132377
0.629829 0.399765
0.121206 0.883696
0.444676 0.156132
0.4731 0.847077
0.312403 0.0861998
0.915272 0.906928
0.0992899 0.0209749
0.96097 0.8438
0.137128 0.211442
0.81478 0.807261
0.969332 0.804307
0.134692 0.147997
0.109868 0.357701
0.323309 0.162449
0.0984894 0.228061
0.850085 0.440697
0.806304 0.702711
0.414204 0.500565
0.0990911 0.771301
0.389092 0.347357
0.0450738 0.0478375
0.451351 0.181247
0.762869 0.906641
0.279938 0.451589
0.387734 0.956454
0.558833 0.942692
0.569775 0.506227
0.776919 0.780046
0.55254 0.633351
0.74298 0.894318
0.295539 0.277178
0.210383 0.354512
0.752453 0.692292
0.768605 0.363997
0.616733 0.560529
0.197319 0.822704
0.435949 0.63916
0.829274 0.735273
0.00425214 0.668023
0.769154 0.633644
0.416153 0.42961
0.391258 0.573329
0.80878 0.583476
0.0456936 0.11324
0.660142 0.317468
0.698702 0.996426
0.663408 0.297595
0.875108 0.980757
0.41271 0.496302
0.656923 0.915771
0.975534 0.893983
0.342452 0.812404
0.878555 0.654799
0.183934 0.54574
0.680846 0.483768
0.197694 0.318244
0.380572 0.244151
0.751488 0.263573
0.171314 0.609082
0.366295 0.359489
0.279315 0.770015
0.0372024 0.571821
0.718726 0.92507
0.330401 0.454134
0.00999872 0.0102843
0.178009 0.795462
0.919646 0.94193
0.811665 0.238779
0.412353 0.508831
0.0922295 0.562333
0.190282 0.394953
0.687361 0.659543
0.219247 0.229742
0.786672 0.239166
0.650502 0.142174
0.554193 0.134885
0.791405 0.811223
0.78859 0.225801
0.725318 0.671209
0.613301 0.903096
0.925782 0.871634
0.319751 0.0396706
0.896937 0.884054
0.415137 0.222409
0.344133 0.0834314
0.632483 0.393379
0.334009 0.657548
0.379077 0.227484
0.758467 0.528086
0.35375 0.0796417
0.0497461 0.0102875
0.808833 0.460505
0.377347 0.693273
0.550167 0.756467
0.718272 0.88921
0.182712 0.222109
0.106547 0.935932
0.105533 0.00887447
0.681017 0.960685
0.982233 0.587967
0.343662 0.474429
0.559735 0.774146
0.80929 0.791152
0.590569 0.205176
0.565967 0.990668
0.887459 0.51755
0.417553 0.217817
0.2659 0.38866
0.104288 0.154059
0.581956 0.887089
0.940672 0.48848
0.804659 0.390798
0.920684 0.716189
0.529925 0.405485
0.532 0.267644
0.685133 0.858065
0.966749 0.866864
0.681865 0.254062
0.191343 0.124307
0.921346 0.973414
0.0311033 0.0824316
0.450266 0.399002
0.814997 0.405015
0.703393 0.594188
0.567178 0.118611
0.274185 0.0311731
0.793642 0.361197
0.940051 0.468279
0.919212 0.89509
0.277703 0.237163
0.913799 0.909797
0.0187209 0.290181
0.743249 0.930336
0.219298 0.475433
0.823571 0.738407
0.778626 0.625423
0.837053 0.999559
0.344267 0.416051
0.277044 0.695606
0.304366 0.0318519
0.510109 0.276583
0.138895 0.3191
0.708949 0.405984
0.793739 0.550352
0.300671 0.0844206
0.265707 0.620844
0.631269 0.790325
0.378061 0.0810289
0.0612507 0.391119
0.224254 0.407773
0.11603 0.126721
0.952092 0.508119
0.352608 0.0441785
0.499347 0.170877
0.860161 0.758555
0.717888 0.183794
0.331306 0.223401
0.377632 0.310224
0.515679 0.615783
0.782059 0.93729
0.0883575 0.817014
0.995036 0.874658
0.411775 0.385715
0.515274 0.580645
0.289033 0.75618
0.207039 0.051689
0.531541 0.44936
0.68053 0.462381
0.51147 0.142233
0.184261 0.260251
0.875246 0.45213
0.498446 0.86404
0.538952 0.265226
0.61555 0.89859
0.230697 0.0331442
0.602194 0.579373
0.603175 0.794405
0.321514 0.478091
0.20723 0.240728
0.174569 0.847418
0.10777 0.0501624
0.0963323 0.0544636
0.0765081 0.966632
0.984401 0.96979
0.763846 0.687612
0.453202 0.345619
0.0854885 0.0121289
0.0847315 0.621366
0.259467 0.606344
0.734233 0.228522
0.928245 0.817029
0.546146 0.379895
0.910948 0.933324
0.434515 0.449332
0.343487 0.726128
0.780038 0.756238
0.839598 0.333806
0.532035 0.736208
0.41912 0.497005
0.699786 0.759116
0.647555 0.16063
0.440588 0.222194
0.696026 0.486456
0.238922 0.414928
0.809509 0.887301
0.630975 0.174776
0.640693 0.793936
0.0842323 0.427582
0.183459 0.33668
0.666527 0.449063
0.949267 0.788171
0.420993 0.248656
0.0556229 0.0987293
0.930428 0.645909
0.142705 0.720448
0.796145 0.370301
0.984592 0.972702
0.172208 0.02182
0.985315 0.835344
0.6997 0.438113
0.928294 0.62692
0.486173 0.603967
0.388184 0.764796
0.548424 0.929701
0.542562 0.783134
0.514087 0.211751
0.254379 0.798529
0.43039 0.246217
0.419977 0.297653
0.803412 0.446294
0.165211 0.846735
0.261852 0.0725537
0.907637 0.633528
0.928841 0.946904
0.311167 0.90495
0.577056 0.416762
0.886469 0.589957
0.400503 0.771654
0.528606 0.370305
0.307533 0.266605
0.696817 0.413311
0.152565 0.226764
0.625456 0.569454
0.705009 0.171799
0.836403 0.584595
0.907707 0.747623
0.994198 0.747897
0.189122 0.10985
0.160226 0.741647
0.324055 0.379894
0.232098 0.279167
0.480791 0.879861
0.024467 0.297161
0.512028 0.498105
0.587162 0.245009
0.655417 0.283143
0.319445 0.27174
0.98767 0.678779
0.78694 0.701211
0.712325 0.190377
0.992266 0.645171
0.766667 0.983182
0.480306 0.64921
0.691261 0.726783
0.651943 0.159495
0.301262 0.138424
0.334868 0.315489
0.523716 0.423354
0.952018 0.696188
0.914913 0.466807
0.257843 0.467164
0.162373 0.703729
0.414008 0.110863
0.506488 0.215303
0.871419 0.414588
0.900989 0.747419
0.769206 0.450328
0.67549 0.496001
0.0591902 0.116016
0.925998 0.543678
0.0256557 0.387806
0.244236 0.0690051
0.523367 0.295413
0.038819 0.032291
0.326854 0.0548356
0.548305 0.349823
0.959162 0.629129
0.728788 0.781562
0.766041 0.744853
0.873084 0.667572
0.911417 0.856383
0.447433 0.386234
0.529706 0.241631
0.370346 0.105662
0.813349 0.631647
0.95089 0.851504
0.181711 0.660759
0.123048 0.0974944
0.288977 0.520806
0.30133 0.548599
0.449063 0.874781
0.949178 0.69209
0.615617 0.418067
0.35839 0.166027
0.775883 0.489863
0.63673 0.940117
0.195899 0.893564
0.615837 0.693308
0.901734 0.962498
0.576477 0.91156
0.355024 0.0957058
0.313268 0.993723
0.113885 0.0847909
0.659153 0.593098
0.0222507 0.00780512
0.516208 0.977358
0.176541 0.243746
0.240505 0.224
0.383138 0.0854539
0.823764 0.455178
0.886665 0.591145
0.909464 0.906329
0.619905 0.349265
0.898167 0.46478
0.373117 0.769108
0.243481 0.198651
0.670357 0.986088
0.56396 0.111556
0.259531 0.798221
0.167501 0.785964
0.918741 0.790803
0.966448 0.799119
0.63875 0.996522
0.236989 0.188425
0.438786 0.337239
0.571875 0.506844
0.325414 0.107745
0.612784 0.766683
0.931869 0.49733
0.00689287 0.00152141
0.0294276 0.00481617
0.269379 0.593362
0.271438 0.128576
0.458521 0.803788
0.63539 0.57787
0.458761 0.584308
0.496257 0.096338
0.895221 0.356895
0.794149 0.927935
0.997189 0.741347
0.842117 0.746698
0.356477 0.104001
0.873192 0.506382
0.393704 0.298735
0.526933 0.152106
0.776854 0.390617
0.987465 0.964583
0.961898 0.485457
0.346811 0.299405
0.290114 0.30336
0.49381 0.870822
0.679977 0.199432
0.908412 0.6559
0.976166 0.988821
0.352751 0.814991
0.0187073 0.824641
0.01143 0.252722
0.445256 0.105672
0.760696 0.361597
0.515109 0.0889152
0.19151 0.0584138
0.43888 0.682397
0.172108 0.052142
0.55897 0.366789
0.595254 0.690114
0.750303 0.698969
0.686791 0.263195
0.496656 0.225984
0.376613 0.965225
0.859581 0.546222
0.780982 0.376451
0.0980191 0.611424
0.913349 0.964201
0.207729 0.115219
0.610487 0.847985
0.580645 0.33499
0.487215 0.339292
0.276937 0.631832
0.469872 0.383705
0.668602 0.545193
0.703018 0.545447
0.35611 0.171153
0.898904 0.933522
0.918337 0.963798
0.910457 0.502408
0.343508 0.560355
0.318704 0.931774
0.273724 0.998347
0.436679 0.458944
0.205479 0.0298747
0.957025 0.540468
0.855391 0.319001
0.48469 0.401461
0.492369 0.591658
0.177135 0.443502
0.62269 0.188173
0.316473 0.0593159
0.265751 0.0364898
0.71891 0.313939
0.897885 0.440224
0.0804116 0.0109163
0.787018 0.495255
0.602813 0.330462
0.209215 0.507303
0.172251 0.161229
0.844431 0.987815
0.160457 0.322113
0.627155 0.273567
0.6252 0.139856
0.379024 0.250908
0.449157 0.291692
0.599803 0.385535
0.503517 0.395441
0.175815 0.722957
0.247485 0.164226
0.29083 0.101977
0.973148 0.496638
0.759219 0.597657
0.154679 0.549529
0.41508 0.8364
0.217833 0.042698
0.193058 0.972482
0.615959 0.879681
0.546807 0.35683
0.222751 0.458572
0.121156 0.318393
0.230399 0.758083
0.150727 0.751818
0.564441 0.597754
0.292145 0.855846
0.970236 0.78071
0.160949 0.15605
0.283699 0.592656
0.444293 0.65421
0.447199 0.266283
0.486507 0.974782
0.268719 0.54429
0.640957 0.271766
0.109341 0.327385
0.88113 0.490716
0.010311 0.00688821
0.515775 0.294793
0.730184 0.379691
0.482299 0.308531
0.0789936 0.382504
0.736275 0.47626
0.487935 0.34475
0.00281741 0.044075
0.449437 0.455361
0.657345 0.412099
0.373056 0.0422343
0.214805 0.260501
0.692351 0.5957
0.162667 0.543319
0.284875 0.0616861
0.0400967 0.847027
0.078482 0.064544
0.985466 0.713259
0.279636 0.996961
0.853352 0.347786
0.738541 0.472089
0.949513 0.890043
0.27825 0.976355
0.543895 0.311958
0.495776 0.580721
0.50442 0.860038
0.0977317 0.767055
0.540906 0.590663
0.469161 0.0747722
0.201031 0.281775
0.459558 0.10898
0.395363 0.188002
0.0466634 0.0156877
0.398314 0.13903
0.463578 0.0783612
0.919055 0.963893
0.797929 0.22707
0.628211 0.939862
0.817701 0.894744
0.563312 0.970933
0.535288 0.643127
0.298809 0.669346
0.34057 0.492669
0.304678 0.312989
0.698086 0.802136
0.0124383 0.611408
0.673156 0.497636
0.294052 0.733163
0.923764 0.629556
0.335369 0.25299
0.644812 0.239694
0.783415 0.709279
0.268684 0.179583
0.736351 0.391224
0.406503 0.507965
0.22842 0.0693083
0.938038 0.48786
0.489579 0.641285
0.840019 0.508902
0.80894 0.339016
0.600794 0.615072
0.86261 0.879139
0.126171 0.718985
0.467696 0.557436
0.150465 0.41561
0.204094 0.213492
0.632319 0.584456
0.857679 0.843033
0.951607 0.845528
0.576177 0.782352
0.580853 0.295832
0.828149 0.652483
0.0765904 0.607473
0.707805 0.531968
0.676022 0.943535
0.268375 0.172301
0.737986 0.334619
0.474071 0.748802
0.828317 0.661216
0.00327959 0.618905
0.907987 0.90988
0.0856909 0.572834
0.833134 0.585008
0.213193 0.101479
0.831732 0.50503
0.637099 0.184126
0.00192899 0.000129352
0.544944 0.58372
0.866688 0.873099
0.734524 0.773581
0.188612 0.0792472
0.538687 0.929661
0.767392 0.613367
0.898985 0.930668
0.625228 0.472048
0.493828 0.581102
0.709993 0.569822
0.456017 0.270084
0.305618 0.0650212
0.954219 0.773648
0.936672 0.920617
0.448499 0.12861
0.408433 0.201597
0.0640589 0.0363922
0.253527 0.0214884
0.599353 0.177209
0.21535 0.847856
0.733056 0.59215
0.870213 0.401941
0.854219 0.408336
0.538739 0.116359
0.494761 0.249855
0.853938 0.765911
0.824317 0.352585
0.709659 0.381627
0.354559 0.759203
0.530217 0.145567
0.488032 0.463745
0.977121 0.740553
0.398468 0.0828516
0.806463 0.631891
0.081418 0.00553129
0.909237 0.607463
0.0491459 0.824614
0.586742 0.378417
0.747205 0.830112
0.853329 0.443017
0.83818 0.929135
0.947711 0.65692
0.946513 0.881666
0.380697 0.134568
0.219122 0.573863
0.447988 0.280595
0.784261 0.902792
0.0420435 0.125275
0.666292 0.407337
0.420074 0.562874
0.6968 0.910657
0.451094 0.19837
0.776658 0.394667
0.0587131 0.091061
0.991692 0.629523
0.796502 0.733865
0.548606 0.72165
0.567427 0.820886
0.0164597 0.0271672
0.381833 0.0801367
0.637915 0.635391
0.60105 0.900652
0.16887 0.452654
0.488714 0.173792
0.892314 0.427539
0.504088 0.281467
0.579078 0.178357
0.202631 0.253916
0.598319 0.181376
0.496682 0.988584
0.26092 0.242292
0.510806 0.533389
0.432927 0.805632
0.606802 0.916365
0.0158618 0.0773884
0.301254 0.26411
0.679328 0.428497
0.146882 0.429765
0.312183 0.674089
0.797183 0.668185
0.123503 0.567515
0.895538 0.855119
0.779461 0.978848
0.644872 0.198055
0.913262 0.560521
0.767089 0.312875
0.0596768 0.970294
0.393734 0.274385
0.715223 0.242389
0.893607 0.785929
0.502819 0.709916
0.0939625 0.934119
0.572203 0.988796
0.696111 0.744682
0.347797 0.390246
0.225408 0.224236
0.824224 0.852897
0.80783 0.885422
0.332581 0.0709199
0.0290818 0.963207
0.162015 0.381287
0.543977 0.575825
0.889789 0.597727
0.443196 0.378192
0.747864 0.751772
0.749773 0.976271
0.956612 0.575909
0.536811 0.258258
0.590465 0.327196
0.179924 0.886718
0.842731 0.288321
0.917034 0.767421
0.913702 0.89461
0.113404 0.795442
0.315049 0.393353
0.618644 0.677397
0.534493 0.954305
0.362214 0.121753
0.259853 0.280628
0.508991 0.861638
0.452211 0.975926
0.416219 0.379733
0.291292 0.0805553
0.325064 0.120336
0.108659 0.0824759
0.453156 0.631743
0.881952 0.74642
0.86448 0.915504
0.940518 0.682808
0.53219 0.530618
0.992447 0.761002
0.172048 0.871849
0.0319097 0.0319149
0.688697 0.31771
0.256624 0.768321
0.918373 0.994708
0.525954 0.593285
0.705541 0.285535
0.591224 0.878162
0.362685 0.627079
0.483986 0.23134
0.425676 0.701118
0.704363 0.796693
0.460706 0.143117
0.372929 0.21506
0.797198 0.242699
0.446285 0.84852
0.676111 0.50158
0.184258 0.173719
0.847856 0.379366
0.490306 0.964298
0.58707 0.556776
0.396871 0.990512
0.0887435 0.184546
0.602705 0.982034
0.37434 0.620276
0.182966 0.295746
0.467695 0.864031
0.502351 0.19928
0.24053 0.131735
0.897212 0.740281
0.632827 0.246947
0.363931 0.662539
0.651518 0.167588
0.820245 0.588162
0.486083 0.249709
0.873585 0.609805
0.241517 0.806647
0.73388 0.36526
0.455985 0.0779306
0.960082 0.665578
0.369457 0.621418
0.781625 0.541374
0.108283 0.346418
0.814788 0.623268
0.32304 0.47236
0.906234 0.714125
0.198304 0.338212
0.959499 0.694931
0.454866 0.124006
0.487333 0.744998
0.0972572 0.734934
0.0810418 0.13475
0.684975 0.383167
0.49965 0.115001
0.305281 0.259906
0.622801 0.545611
0.222219 0.146689
0.218614 0.351229
0.304919 0.238477
0.713856 0.800119
0.767062 0.44784
0.481705 0.0739006
0.143824 0.969685
0.622085 0.382749
0.254014 0.506747
0.382562 0.573832
0.372389 0.13344
0.958446 0.951553
0.751584 0.718725
0.0101978 0.420617
0.934949 0.954932
0.0679377 0.136111
0.585077 0.824046
0.759566 0.363171
0.269802 0.265204
0.243976 0.0802637
0.17687 0.0883312
0.581835 0.887654
0.584988 0.253847
0.352932 0.744815
0.171024 0.197271
0.601412 0.983967
0.406886 0.0626257
0.537601 0.906344
0.462358 0.218245
0.560427 0.467775
0.567649 0.555196
0.368675 0.708897
0.680501 0.455306
0.287694 0.0513273
0.552163 0.556181
0.723519 0.797106
0.190847 0.622523
0.980413 0.919499
0.0501034 0.148124
0.777368 0.976753
0.84536 0.774538
0.243095 0.26966
0.88831 0.80592
0.49169 0.519642
0.564905 0.324983
0.122433 0.624536
0.670546 0.708586
0.638065 0.465313
0.198588 0.926183
0.189031 0.194274
0.334614 0.571378
0.243497 0.160855
0.496238 0.953882
0.349685 0.0762774
0.818013 0.700832
0.266175 0.323287
0.03672 0.400748
0.941065 0.52679
0.680793 0.197813
0.824033 0.371129
0.0913611 0.197438
0.591344 0.38861
0.745531 0.528444
0.105815 0.109938
0.660658 0.287032
0.221054 0.68622
0.272408 0.611008
0.704417 0.275233
0.200687 0.0581857
0.734618 0.41404
0.720216 0.849269
0.877143 0.527389
0.465952 0.467084
0.23044 0.369302
0.423749 0.443573
0.803862 0.789303
0.382817 0.194747
0.11155 0.328341
0.00408608 0.0883453
0.567317 0.150875
0.670888 0.823375
0.99738 0.792469
0.208629 0.0495941
0.551914 0.23906
0.756621 0.401498
0.556435 0.37904
0.858686 0.378911
0.665235 0.685542
0.465222 0.326674
0.943448 0.634909
0.387855 0.89411
0.706824 0.342486
0.536757 0.124272
0.672583 0.237819
0.908417 0.472859
0.5367 0.637848
0.892692 0.689234
0.0139981 0.827785
0.150189 0.133161
0.158944 0.24097
0.762655 0.842261
0.360605 0.303351
0.583478 0.304024
0.0428175 0.0430634
0.266655 0.831278
0.914545 0.830838
0.874248 0.396512
0.755854 0.647339
0.839551 0.779194
0.516116 0.929118
0.827075 0.518361
0.317421 0.487218
0.157407 0.0349312
0.305122 0.833745
0.0247666 0.0443253
0.946833 0.561323
0.393294 0.700382
0.636129 0.901804
0.14154 0.0417539
0.96879 0.516542
0.966977 0.621291
0.830448 0.828972
0.0794043 0.0281823
0.729604 0.17554
0.511633 0.275194
0.146387 0.634091
0.319959 0.194525
0.792604 0.523591
0.938244 0.859911
0.165248 0.736771
0.52349 0.844514
0.301532 0.464968
0.116114 0.0333628
0.623566 0.159985
0.909523 0.921409
0.987532 0.938614
0.169271 0.440781
0.599996 0.848747
0.0739901 0.218174
0.849975 0.958418
0.233975 0.431879
0.960926 0.614307
0.690064 0.912474
0.487047 0.215674
0.751595 0.742852
0.871095 0.709364
0.177649 0.0363777
0.932282 0.44424
0.272657 0.0690381
0.282392 0.937469
0.127188 0.311014
0.303697 0.067873
0.100199 0.229087
0.587718 0.995719
0.425859 0.977987
0.395026 0.719896
0.701901 0.84575
0.041701 0.0252977
0.00668832 0.392071
0.367599 0.29469
0.771475 0.656919
0.328003 0.0653966
0.0333101 0.318615
0.328857 0.821311
0.943304 0.878145
0.122388 0.883992
0.510937 0.557566
0.339539 0.134525
0.652566 0.511745
0.190949 0.824565
0.900443 0.621088
0.645454 0.766095
0.959248 0.867866
0.538778 0.755429
0.152932 0.837073
0.628176 0.318776
0.892891 0.494708
0.692261 0.494018
0.469846 0.605217
0.954321 0.933122
0.997145 0.763864
0.970598 0.615284
0.457723 0.593944
0.492141 0.228821
0.295862 0.1611
0.712 0.929063
0.768154 0.930723
0.589564 0.136785
0.51176 0.288507
0.553348 0.710188
0.525467 0.18667
0.796534 0.658362
0.684201 0.901987
0.786533 0.483963
0.515824 0.155143
0.586882 0.711967
0.0250479 0.370464
0.90774 0.594617
0.949565 0.824375
0.57924 0.34794
0.169967 0.430147
0.997609 0.734584
0.964316 0.511556
0.626178 0.366706
0.968838 0.503131
0.36655 0.186244
0.911891 0.586221
0.468343 0.550056
0.0401329 0.196658
0.357896 0.649809
0.556215 0.174418
0.0752257 0.396304
0.619639 0.628446
0.410027 0.267318
0.657088 0.168134
0.661105 0.573119
0.1876 0.383916
0.680339 0.719133
0.916106 0.989095
0.132021 0.0588472
0.912699 0.65313
0.358478 0.399207
0.628355 0.664673
0.89162 0.957355
0.741636 0.467467
0.144652 0.0246834
0.163136 0.92634
0.546285 0.386406
0.456184 0.578393
0.49653 0.955251
0.526035 0.420164
0.0819012 0.0635615
0.0280286 0.00268654
0.998234 0.955353
0.630495 0.943732
0.133842 0.55921
0.418125 0.199275
0.243318 0.0846573
0.677409 0.943662
0.91966 0.39938
0.702346 0.342526
0.0110728 0.607474
0.147646 0.29509
0.870867 0.506109
0.0280663 0.202847
0.872567 0.863054
0.877448 0.336013
0.701708 0.842944
0.86187 0.860819
0.351058 0.39689
0.280421 0.83382
0.807012 0.670667
0.410755 0.993013
0.313687 0.173872
0.334026 0.0926805
0.3922 0.363202
0.557102 0.656399
0.209588 0.11641
0.536479 0.119714
0.643939 0.523959
0.967869 0.865042
0.777188 0.330497
0.498901 0.189564
0.16711 0.414388
0.330901 0.804821
0.560716 0.936997
0.572843 0.725081
0.105933 0.142685
0.529885 0.864369
0.0114692 0.656931
0.670811 0.352502
0.14755 0.894598
0.269397 0.997292
0.164427 0.240361
0.666651 0.143923
0.495302 0.986169
0.572025 0.904893
0.924912 0.877096
0.44506 0.32383
0.319894 0.310583
0.591562 0.331729
0.804504 0.627321
0.829798 0.282534
0.596877 0.736526
0.517046 0.412623
0.101285 0.840604
0.57755 0.904716
0.071408 0.2572
0.691095 0.433198
0.0981745 0.442432
0.0395293 0.115144
0.508492 0.593398
0.283829 0.113773
0.742875 0.352421
0.864435 0.977202
0.594228 0.606133
0.962798 0.623934
0.0366072 0.11182
0.0254253 0.0231931
0.837008 0.570482
0.970602 0.784933
0.538284 0.348703
0.577289 0.285193
0.308243 0.0435266
0.0734438 0.219062
0.141692 0.229317
0.339454 0.421186
0.265581 0.493319
0.271439 0.0534353
0.48215 0.600039
0.521874 0.689363
0.947016 0.580173
0.555463 0.413024
0.375744 0.39866
0.0708436 0.227396
0.294185 0.0864352
0.217085 0.0282276
0.725513 0.655867
0.599976 0.171589
0.0272242 0.849391
0.77633 0.796329
0.435584 0.476501
0.883213 0.735994
0.48217 0.961133
0.199487 0.0272919
0.754236 0.722518
0.0621958 0.0134623
0.672637 0.435406
0.438924 0.159427
0.4354 0.496749
0.401214 0.172348
0.48629 0.569765
0.117389 0.666706
0.0919133 0.33695
0.447848 0.684083
0.742661 0.546438
0.555781 0.160799
0.771254 0.960672
0.335053 0.36558
0.0462822 0.204145
0.887598 0.499093
0.788897 0.63692
0.185976 0.0259352
0.21702 0.444797
0.513568 0.686352
0.648982 0.937978
0.999062 0.802239
0.452474 0.820433
0.340817 0.898342
0.897766 0.610172
0.352208 0.770794
0.455235 0.388747
0.52286 0.341124
0.512539 0.141947
0.554542 0.182489
0.415102 0.918742
0.544845 0.659729
0.747839 0.245772
0.308506 0.236156
0.640649 0.756818
0.867665 0.649864
0.241875 0.770743
0.311688 0.795837
0.161907 0.412533
0.543278 0.33204
0.841095 0.366464
0.164071 0.646015
0.973759 0.81619
0.470283 0.68036
0.765427 0.43403
0.888701 0.656662
0.0441844 0.682242
0.804264 0.685435
0.843638 0.689926
0.531071 0.972575
0.667936 0.522715
0.460523 0.330735
0.758702 0.585838
0.538157 0.273206
0.448035 0.119622
0.738903 0.553046
0.325087 0.277569
0.925112 0.7303
0.197448 0.0392182
0.629992 0.709555
0.0431335 0.162804
0.59363 0.617396
0.0489862 0.0111464
0.021459 0.433828
0.148397 0.096368
0.877102 0.502987
0.902585 0.885405
0.603816 0.3405
0.764456 0.693642
0.194571 0.126419
0.766367 0.699367
0.77726 0.466098
0.250838 0.625576
0.0254294 0.131484
0.87933 0.863829
0.738782 0.339641
0.792256 0.282366
0.0482304 0.874003
0.967355 0.632375
0.508412 0.569538
0.268672 0.0271157
0.788865 0.790873
0.073016 0.139844
0.442271 0.326309
0.992947 0.804583
0.799326 0.323099
0.900979 0.490798
0.23898 0.914983
0.179168 0.884751
0.13993 0.0942281
0.160179 0.259973
0.787948 0.667201
0.0484076 0.0258786
0.0991485 0.224119
0.494319 0.141357
0.961432 0.923491
0.0479849 0.675516
0.104467 0.0937617
0.525666 0.188507
0.982573 0.980721
0.840483 0.262071
0.0704121 0.0360649
0.0479144 0.181068
0.469411 0.391838
0.470054 0.339666
0.0667759 0.079672
0.195316 0.403134
0.852156 0.731641
0.986691 0.94247
0.634102 0.778269
0.170429 0.0581654
0.446715 0.0913011
0.681133 0.527935
0.789947 0.955602
0.687265 0.740984
0.877332 0.416514
0.351849 0.863471
0.395682 0.191132
0.60718 0.311416
0.431733 0.131857
0.17847 0.773859
0.482969 0.866329
0.104965 0.72294
0.156471 0.92174
0.442079 0.624566
0.348819 0.400421
0.0446108 0.320511
0.465895 0.232814
0.255477 0.663259
0.0812066 0.389328
0.5381 0.138783
0.717684 0.258842
0.0440939 0.230629
0.800836 0.483688
0.463297 0.425726
0.235733 0.671094
0.698378 0.791746
0.986809 0.731066
0.160779 0.0258392
0.477456 0.117495
0.200837 0.0573391
0.329794 0.729027
0.198535 0.0354773
0.555976 0.224971
0.387925 0.268802
0.111269 0.728615
0.109951 0.0663701
0.0356822 0.00257291
0.536323 0.115275
0.552949 0.571675
0.977607 0.832192
0.586833 0.333937
0.568036 0.630328
0.242401 0.261445
0.682284 0.409165
0.353153 0.422744
0.640075 0.160266
0.770351 0.997474
0.690998 0.827943
0.449379 0.468661
0.758597 0.660011
0.47701 0.477726
0.0745719 0.0211569
0.402253 0.839458
0.135457 0.422003
0.882513 0.933705
0.275066 0.345393
0.940534 0.659169
0.167279 0.637718
0.364667 0.578721
0.919524 0.52643
0.185332 0.966056
0.0817616 0.766361
0.242973 0.392414
0.434769 0.284766
0.421123 0.851563
0.0543286 0.183427
0.580776 0.818952
0.731572 0.204175
0.376014 0.184035
0.532615 0.126134
0.324538 0.0705079
0.75368 0.892971
0.925243 0.491
0.882095 0.601927
0.427874 0.0614652
0.911748 0.351224
0.987097 0.96001
0.27379 0.203878
0.683365 0.251648
0.57884 0.466017
0.979298 0.888508
0.990342 0.988584
0.268061 0.694388
0.763414 0.744801
0.636575 0.352291
0.912504 0.942301
0.921845 0.768169
0.913785 0.421389
0.294864 0.0669256
0.980959 0.594711
0.331708 0.213272
0.569639 0.600918
0.574651 0.915068
0.532015 0.341766
0.240178 0.0382991
0.415199 0.305176
0.102019 0.162425
0.322841 0.686198
0.836415 0.723333
0.0756202 0.134671
0.966818 0.674402
0.789476 0.304541
0.933087 0.869745
0.403563 0.341084
0.754928 0.591851
0.319363 0.836308
0.286862 0.0731482
0.798592 0.260779
0.395298 0.884958
0.345635 0.194565
0.671598 0.995717
0.769188 0.818795
0.595852 0.606489
0.0795799 0.854253
0.696396 0.557095
0.210961 0.342147
0.22673 0.414175
0.501768 0.311655
0.475155 0.829821
0.227756 0.35156
0.929458 0.98572
0.0373609 0.00437244
0.276372 0.849932
0.150873 0.397942
0.280235 0.702762
0.463272 0.87269
0.909258 0.9476
0.64293 0.897562
0.0307023 0.0101827
0.700103 0.363131
0.730666 0.999339
0.922853 0.393207
0.425884 0.314818
0.992837 0.850915
0.651254 0.291214
0.462911 0.177654
0.950872 0.619503
0.71001 0.44132
0.097331 0.753565
0.671789 0.748769
0.128886 0.231156
0.572352 0.703686
0.168662 0.449627
0.463957 0.759477
0.716719 0.439765
0.548123 0.137389
0.789851 0.376893
0.690401 0.277211
0.270219 0.0668587
0.371605 0.0532983
0.561161 0.637785
0.0970004 0.0151476
0.228484 0.089638
0.119262 0.737203
0.013983 0.00197715
0.719278 0.26354
0.142858 0.120007
0.605644 0.35195
0.55962 0.345037
0.0750782 0.0779293
0.470685 0.252686
0.499721 0.793373
0.466458 0.867203
0.31417 0.26552
0.516159 0.457161
0.166432 0.048655
0.775232 0.290225
0.192396 0.464709
0.031009 0.0179872
0.0775405 0.0101834
0.0642952 0.261012
0.223996 0.251101
0.0532492 0.00393278
0.443902 0.643688
0.739075 0.311184
0.68651 0.215766
