(9,5) (21,15)
(1,1) (1,10) (2,10) (2,2) (16,2) (16,3) (14,3) (14,6) (19,6) (19,0) (18,0)
(18,5) (17,5) (17,1) c0
(3,10) (4,10) (4,4) (5,4) (5,10) (10,10) (11,9) (11,8) (16,8) (18,10)
(18,11) (0,11) (0,12) (19,12) (19,7) (11,7) (11,4) (12,4) (12,6) (13,6)
(13,3) (10,3) (10,9) (6,9) (6,3) (3,3) c1
(7,8) (9,8) (9,7) (7,7) c2
(7,6) (9,6) (8,5) (7,5) c3
(7,4) (9,4) (9,3) (7,3) c4
(11,10) (15,10) (15,9) (12,9) c5
(26,61) (1,61) (1,13) (20,13) (20,1) (30,1) (30,2) (21,2) (21,5) (30,5)
(30,6) (21,6) (21,9) (30,9) (30,10) (21,10) (21,13) (31,13) (31,12)
(22,12) (22,11) (31,11) (31,8) (22,8) (22,7) (31,7) (31,4) (22,4) (22,3)
(31,3) (31,1) (93,1) (93,8) (92,8) (92,2) (90,2) (90,4) (91,4) (91,8)
(86,8) (86,2) (83,2) (83,3) (84,4) (83,5) (84,6) (82,8) (81,7) (80,8)
(79,7) (78,8) (77,7) (76,8) (75,7) (74,8) (74,9) (88,9) (84,13) (76,13)
(72,9) (72,8) (78,2) (60,2) (60,8) (59,8) (59,2) (54,2) (54,11) (44,11)
(44,10) (53,10) (53,2) (49,2) (49,4) (47,4) (47,2) (32,2) (32,28) (31,28)
(31,14) (23,14) (24,15) (24,16) (27,17) (26,18) (27,19) (26,20) (27,23)
(30,29) (69,29) (69,58) (91,58) (91,59) (68,59) (68,30) (31,30) (31,59)
(30,59) (30,30) (29,30) (25,22) (4,16) (22,16) (22,14) (2,14) (2,21)
(10,21) (12,22) (22,22) (28,31) (28,32) (23,32) (23,27) (16,27) (16,24)
(12,24) (14,26) (14,29) (17,32) (17,35) (21,39) (21,42) (24,45) (24,48)
(28,53) (26,55) (28,57) (28,60) (32,60) (32,31) (67,31) (67,59) (66,59)
(66,32) (43,32) (63,46) (63,48) (42,33) (41,34) (63,50) (63,52) (61,52)
(38,35) (37,37) (61,54) (61,57) (58,57) (58,55) (55,55) (55,53) (52,53)
(52,51) (49,51) (49,48) (45,48) (45,46) (41,46) (41,43) (38,43) (38,40)
(36,40) (36,39) (35,39) (35,45) (44,50) (44,52) (48,52) (57,58) (49,58)
(35,49) (35,52) (44,58) (35,58) (35,60) (91,60) (91,61) (27,61) (27,57)
(25,55) (25,52) (22,49) (22,45) (18,40) (18,38) (14,34) (14,31) (10,26)
(10,23) (2,23) (2,60) (26,60) c4

(33,11) (33,15) (68,15) (68,20) (69,20) (69,4) (70,4) (70,15) (76,15)
(76,24) (81,26) (80,24) (81,23) (80,21) (81,19) (80,17) (81,15) (92,15)
(92,26) (93,26) (93,9) (92,9) (92,14) (71,14) (71,3) (68,3) (68,14)
(57,14) (57,4) (56,4) (56,14) (34,14) (34,13) (37,13) (37,11) (42,11)
(42,9) (44,9) (44,7) (52,7) (52,3) (51,3) (51,5) (45,5) (40,9) (39,8)
(44,4) (44,3) (41,3) (41,5) (39,5) (39,7) (37,7) (37,9) (35,9) (35,11) c4

(69,21) (68,21) (68,28) (92,28) (92,60) (93,60) (93,27) (75,27) (75,17)
(74,17) (74,27) (69,27) c0

(29,22) (29,25) (30,27) (30,25) c1
(28,19) (28,21) (30,21) (30,19) c2
(28,16) (28,18) (30,18) (30,16) c3

(4,29) (4,35) (7,35) (7,32) (11,32) (11,35) (13,35) (13,32) (11,29) c5
(8,37) (8,43) (10,43) (12,37) c5
(4,44) (4,46) (7,46) (7,44) c5
(11,44) (11,46) (14,46) (14,44) c5

(14,37) (13,40) (19,47) (21,46) c4
(7,53) (7,48) (4,48) (4,59) (7,59) (7,55) (10,55) (10,59) (13,59) (13,48)
(10,48) (10,53) c6
(15,48) (15,59) (18,59) (18,48) c0

(17,28) (17,30) (21,30) (21,28) c1
(20,31) (20,36) (22,36) (22,31) c2
(23,33) (23,37) (28,37) (28,33) c3
(22,38) (22,42) (27,42) (27,38) c4
(25,44) (25,48) (28,48) (28,44) c5

(33,16) (33,23) (34,23) (34,16) c0
(35,21) (35,28) (36,28) (36,21) c6
(37,16) (37,23) (38,23) (38,16) c3
(39,21) (39,28) (40,28) (40,21) c2
(41,16) (41,23) (42,23) (42,16) c1
(43,21) (43,28) (44,28) (44,21) c4
(45,16) (45,23) (46,23) (46,16) c5
(47,21) (47,28) (48,28) (48,21) c3
(49,16) (49,23) (50,23) (50,16) c2
(51,21) (51,28) (52,28) (52,21) c0
(53,16) (53,23) (54,23) (54,16) c4
(55,21) (55,28) (56,28) (56,21) c6
(57,16) (57,23) (58,23) (58,16) c1
(59,21) (59,28) (60,28) (60,21) c5
(61,16) (61,23) (62,23) (62,16) c2
(63,21) (63,28) (64,28) (64,21) c0
(65,16) (65,23) (66,23) (66,16) c3

(33,9) (39,3) (37,3) (37,4) (35,4) (35,5) (34,5) (34,6) (33,6) c0

(62,7) (64,7) (65,6) (65,4) (64,3) (62,3) (61,4) (61,6) c6

(61,12) (65,12) (65,9) (61,9) c1

(91,13) (91,9) (89,9) (89,10) (86,13) c3

(85,26) (87,24) (85,22) (83,24) c2

(83,21) (87,21) (87,17) (83,17) c0

(89,26) (91,26) (91,24) (89,24) c1

(91,23) (91,21) (89,21) (89,23) c6

(91,20) (91,18) (89,18) (89,20) c3

(49,33) (52,33) (52,36) c4

(53,33) (53,38) (58,33) c5

(59,35) (55,39) (63,45) (64,40) c2

(59,33) (65,33) (65,38) c1

(71,26) (72,26) (72,25) (71,25) c3

(71,24) (72,24) (72,23) (71,23) c0

(71,22) (72,22) (72,21) (71,21) c4

(71,20) (72,20) (72,19) (71,19) c5

(71,18) (72,18) (72,17) (71,17) c2

(37,44) (40,44) (40,46) c6

(40,47) (44,47) (44,49) c3

(45,49) (48,49) (48,51) (45,51) c0

(70,57) (70,55) (72,55) (72,51) (74,51) (74,55) (76,55) (76, 57) (70,57)
c1

(70,50) (70, 46) (72, 44 ) ( 72,41) (74,41) (74, 44) (76, 46) (76, 50)
(75,50) (74, 47)
(72, 47) (71,50) (70, 50) c2

(70,40) (70,35) (71,35) (71,39) (73,37) (75,39) (75,35) (76,35) (76, 40)
(70,40)c3

(70,34) (70,29) (76,29) ( 76,30) (71, 30) (71,31) (74,31) (74,32) ( 71,32)
(71,33) (76,33) (76,34) (70,34) c4

(80,57) ( 80,55) (82,55) (82,53) (80,53) (80, 51) (86,51) (86,53) (84,53)
(84,55) ( 86,55) (86,57) c5

(88,32) (88, 30) (90,30) (90,32) (88,32) c6

(80,50) (80,41) (81,41) (81,48) (85, 41) (87,41) (87,50) (86,50) (86, 43)
(82,50) (80,50) c7

(80,40) (80,30) (86,30) (86,32) (82,32)(82,38) (86,38) (86,40) (80,40) c9


