ID	Sex	momheight	dadheight	Height
3	Male	64.00	65.00	72.0
4	Male	62.00	74.00	68.0
5	Male	59.00	70.00	68.0
7	Male	60.00	68.00	68.5
10	Male	68.00	71.00	70.0
11	Male	63.00	66.00	67.0
13	Male	62.00	64.00	68.0
15	Male	61.00	72.00	68.0
16	Male	62.00	62.00	61.0
20	Male	62.00	69.00	71.0
21	Male	54.00	68.00	68.0
23	Male	64.00	74.00	77.0
25	Male	59.00	60.00	64.0
26	Male	64.00	66.00	67.0
27	Male	68.00	73.00	75.0
28	Male	67.00	71.00	72.0
29	Male	66.00	68.00	68.0
30	Male	62.00	70.00	72.0
35	Male	60.00	64.00	66.0
36	Male	64.00	67.00	75.0
37	Male	64.00	69.00	69.0
38	Male	60.00	67.00	73.0
39	Male	60.00	65.00	70.0
46	Male	67.00	73.00	73.0
48	Male	60.00	64.00	70.0
49	Male	64.00	68.00	70.0
50	Male	63.00	65.00	69.0
51	Male	66.00	72.00	76.0
62	Male	60.00	67.00	69.0
65	Male	65.00	66.00	68.0
70	Male	65.00	68.00	69.0
71	Male	67.00	72.00	73.0
72	Male	60.00	65.00	66.0
76	Male	60.00	67.00	67.0
77	Male	61.00	65.00	68.0
79	Male	64.00	72.00	71.0
81	Male	64.00	68.00	73.0
83	Male	62.00	74.75	70.5
84	Male	63.00	70.00	70.0
85	Male	64.00	64.00	66.0
86	Male	66.00	55.00	65.0
89	Male	64.00	70.00	70.0
91	Male	64.00	65.00	65.0
92	Male	67.00	71.00	70.0
93	Male	66.00	74.00	72.0
94	Male	64.00	68.00	69.0
95	Male	57.00	68.00	70.0
96	Male	69.25	69.00	70.0
98	Male	66.00	69.00	71.0
103	Male	60.00	65.00	64.0
104	Male	65.00	64.00	63.0
105	Male	61.00	61.00	66.0
106	Male	63.00	70.00	71.0
107	Male	65.00	69.00	70.0
111	Male	67.00	74.00	72.0
120	Male	64.00	71.00	69.0
122	Male	60.00	78.00	70.0
127	Male	61.00	63.00	65.0
131	Male	61.00	66.00	57.0
132	Male	62.00	72.00	69.0
134	Male	64.00	72.00	76.0
135	Male	62.00	69.00	69.0
136	Male	66.00	72.00	72.5
137	Male	62.00	68.00	69.0
138	Male	71.00	76.00	77.0
139	Male	63.00	77.00	75.0
145	Male	67.00	73.00	72.0
151	Male	66.00	70.00	71.0
154	Male	63.00	74.00	72.0
155	Male	63.00	68.00	68.0
156	Male	64.00	67.00	69.0
160	Male	62.00	70.00	66.0
163	Male	65.00	71.00	72.0
164	Male	68.00	74.00	75.0
165	Male	60.00	74.00	72.0
